1.000000e-02,1.000000e-02,1.000000e-02,1.000000e-02,1.000000e-02,1.000000e-02,1.000000e-02,1.000000e-02,1.000000e-02,1.000000e-02,1.000000e-02,1.000000e-02,1.000000e-02,1.000000e-02,1.000000e-02,1.000000e-02,1.000000e-02,1.000000e-02,1.000000e-02,1.000000e-02,
1.679413e-02,1.236267e-02,2.694898e-02,1.644981e-02,2.570879e-02,1.644281e-02,1.720799e-02,2.639083e-02,1.471265e-02,1.228411e-02,1.693774e-02,1.099815e-02,1.722617e-02,1.715870e-02,1.330039e-02,1.575403e-02,1.761771e-02,1.250674e-02,3.240720e-02,1.474947e-02,
2.684244e-02,1.358278e-02,4.716234e-02,2.887510e-02,4.236896e-02,2.474230e-02,3.076142e-02,4.020634e-02,2.228971e-02,1.535367e-02,2.858191e-02,1.201746e-02,2.380306e-02,2.432681e-02,1.495668e-02,2.431275e-02,2.579442e-02,1.444033e-02,7.087375e-02,2.027180e-02,
3.339100e-02,1.430953e-02,6.861301e-02,4.099435e-02,6.338131e-02,3.452505e-02,4.573060e-02,4.789595e-02,3.278820e-02,2.111933e-02,3.991423e-02,1.307425e-02,2.841805e-02,3.438225e-02,1.596939e-02,3.736793e-02,3.261070e-02,1.879964e-02,9.894910e-02,2.658463e-02,
3.680104e-02,1.510840e-02,8.874596e-02,4.841127e-02,8.783772e-02,4.472374e-02,5.758365e-02,5.023910e-02,4.377176e-02,3.246156e-02,4.817923e-02,1.420565e-02,3.312796e-02,4.692155e-02,1.717533e-02,5.208595e-02,3.843264e-02,2.579392e-02,1.197283e-01,3.310179e-02,
3.980576e-02,1.653955e-02,1.080171e-01,5.232994e-02,1.124768e-01,5.500968e-02,6.539292e-02,5.093977e-02,5.419097e-02,5.639530e-02,5.362913e-02,1.545611e-02,4.009205e-02,5.952336e-02,1.894470e-02,6.764839e-02,4.449632e-02,3.365948e-02,1.397153e-01,4.032552e-02,
4.450660e-02,1.927298e-02,1.277370e-01,5.497824e-02,1.361503e-01,6.648201e-02,7.071710e-02,5.229896e-02,6.379128e-02,1.064328e-01,5.731465e-02,1.687879e-02,4.874694e-02,7.071541e-02,2.146826e-02,8.433441e-02,5.024866e-02,4.094106e-02,1.610542e-01,4.930909e-02,
5.230749e-02,2.407726e-02,1.476603e-01,5.791529e-02,1.588404e-01,8.098035e-02,7.541297e-02,5.501789e-02,7.263693e-02,1.887299e-01,5.990232e-02,1.853576e-02,5.631068e-02,8.075024e-02,2.468911e-02,1.017491e-01,5.446123e-02,4.714487e-02,1.835053e-01,6.055110e-02,
6.424367e-02,3.162896e-02,1.654849e-01,6.196993e-02,1.809839e-01,9.984642e-02,8.082844e-02,5.861729e-02,8.096670e-02,2.873763e-01,6.157291e-02,2.049836e-02,6.070417e-02,9.107199e-02,2.829553e-02,1.191512e-01,5.674211e-02,5.256933e-02,2.070896e-01,7.400583e-02,
8.092315e-02,4.251097e-02,1.782743e-01,6.740507e-02,2.036431e-01,1.232296e-01,8.759817e-02,6.230867e-02,8.926953e-02,3.758231e-01,6.259935e-02,2.284743e-02,6.171200e-02,1.031912e-01,3.196257e-02,1.358860e-01,5.769989e-02,5.788043e-02,2.322340e-01,8.893844e-02,
1.029681e-01,5.670433e-02,1.843774e-01,7.399581e-02,2.278521e-01,1.501276e-01,9.544274e-02,6.540322e-02,9.801654e-02,4.379541e-01,6.342961e-02,2.567371e-02,6.030548e-02,1.179740e-01,3.540233e-02,1.509850e-01,5.825677e-02,6.404074e-02,2.590143e-01,1.043147e-01,
1.306522e-01,7.333332e-02,1.840513e-01,8.123326e-02,2.536921e-01,1.784768e-01,1.032500e-01,6.774004e-02,1.077677e-01,4.727386e-01,6.451461e-02,2.910356e-02,5.787284e-02,1.356739e-01,3.857395e-02,1.639718e-01,5.916501e-02,7.212672e-02,2.868416e-01,1.189291e-01,
1.636381e-01,9.101231e-02,1.786373e-01,8.880011e-02,2.803852e-01,2.057053e-01,1.102727e-01,6.932128e-02,1.191734e-01,4.875644e-01,6.615028e-02,3.330857e-02,5.541367e-02,1.556660e-01,4.159862e-02,1.747084e-01,6.088517e-02,8.263279e-02,3.150420e-01,1.321442e-01,
2.015642e-01,1.081937e-01,1.700248e-01,9.658901e-02,3.062479e-01,2.291228e-01,1.162845e-01,7.042423e-02,1.329460e-01,4.914041e-01,6.838117e-02,3.847419e-02,5.369399e-02,1.765996e-01,4.467655e-02,1.835823e-01,6.372724e-02,9.490039e-02,3.428166e-01,1.437125e-01,
2.444539e-01,1.236599e-01,1.599551e-01,1.047672e-01,3.291136e-01,2.467839e-01,1.217482e-01,7.125604e-02,1.498802e-01,4.914833e-01,7.102496e-02,4.480220e-02,5.340049e-02,1.971222e-01,4.799775e-02,1.915636e-01,6.790407e-02,1.072673e-01,3.699366e-01,1.538282e-01,
2.928999e-01,1.367547e-01,1.496083e-01,1.137099e-01,3.470589e-01,2.577850e-01,1.273539e-01,7.198741e-02,1.707300e-01,4.923778e-01,7.378050e-02,5.248864e-02,5.516592e-02,2.162614e-01,5.170484e-02,1.999524e-01,7.350446e-02,1.177310e-01,3.962453e-01,1.628044e-01,
3.471588e-01,1.472194e-01,1.398347e-01,1.237344e-01,3.593112e-01,2.623698e-01,1.336231e-01,7.279028e-02,1.959490e-01,4.963287e-01,7.633971e-02,6.172425e-02,6.000269e-02,2.336893e-01,5.586008e-02,2.098936e-01,8.036252e-02,1.250186e-01,4.217400e-01,1.714968e-01,
4.059691e-01,1.551666e-01,1.309806e-01,1.351694e-01,3.660222e-01,2.614222e-01,1.405541e-01,7.372527e-02,2.255047e-01,5.038323e-01,7.846256e-02,7.269607e-02,6.929402e-02,2.495533e-01,6.042348e-02,2.222982e-01,8.808340e-02,1.287434e-01,4.463356e-01,1.806733e-01,
4.658923e-01,1.609175e-01,1.233516e-01,1.482076e-01,3.680387e-01,2.562430e-01,1.477156e-01,7.481296e-02,2.584075e-01,5.143580e-01,8.009531e-02,8.559608e-02,8.457877e-02,2.640708e-01,6.529818e-02,2.377280e-01,9.611561e-02,1.292668e-01,4.699558e-01,1.907748e-01,
5.218930e-01,1.649238e-01,1.168495e-01,1.629941e-01,3.663022e-01,2.482014e-01,1.543451e-01,7.613832e-02,2.930166e-01,5.268146e-01,8.126638e-02,1.006312e-01,1.067622e-01,2.774198e-01,7.039095e-02,2.563692e-01,1.038958e-01,1.273951e-01,4.924856e-01,2.019982e-01,
5.694444e-01,1.676913e-01,1.115013e-01,1.796437e-01,3.616443e-01,2.385041e-01,1.598827e-01,7.770794e-02,3.271702e-01,5.399619e-01,8.204105e-02,1.180324e-01,1.353296e-01,2.894924e-01,7.554826e-02,2.781970e-01,1.110720e-01,1.239970e-01,5.137719e-01,2.143214e-01,
6.058477e-01,1.696986e-01,1.070883e-01,1.981231e-01,3.547318e-01,2.281899e-01,1.641151e-01,7.949374e-02,3.588521e-01,5.526709e-01,8.257887e-02,1.380657e-01,1.678621e-01,3.002642e-01,8.068167e-02,3.029080e-01,1.175749e-01,1.198653e-01,5.339819e-01,2.273234e-01,
6.309058e-01,1.713811e-01,1.034253e-01,2.184007e-01,3.460120e-01,2.179612e-01,1.671146e-01,8.163840e-02,3.864718e-01,5.641348e-01,8.297183e-02,1.610398e-01,2.011535e-01,3.095692e-01,8.578479e-02,3.299474e-01,1.234804e-01,1.156250e-01,5.533924e-01,2.407181e-01,
6.464099e-01,1.730071e-01,1.003064e-01,2.404207e-01,3.358541e-01,2.083725e-01,1.691582e-01,8.424187e-02,4.091080e-01,5.739121e-01,8.331168e-02,1.872704e-01,2.323308e-01,3.174323e-01,9.092223e-02,3.583504e-01,1.291753e-01,1.117947e-01,5.724297e-01,2.542569e-01,
6.550230e-01,1.748158e-01,9.760639e-02,2.639757e-01,3.246259e-01,1.997875e-01,1.705393e-01,8.743346e-02,4.265914e-01,5.818645e-01,8.368685e-02,2.170638e-01,2.596739e-01,3.241669e-01,9.622375e-02,3.868931e-01,1.351205e-01,1.087737e-01,5.910931e-01,2.676759e-01,
6.591862e-01,1.768967e-01,9.511435e-02,2.889325e-01,3.127433e-01,1.923769e-01,1.716843e-01,9.132174e-02,4.392460e-01,5.882427e-01,8.414058e-02,2.506487e-01,2.827291e-01,3.301727e-01,1.019148e-01,4.142839e-01,1.418681e-01,1.069113e-01,6.091235e-01,2.809746e-01,
6.609184e-01,1.791954e-01,9.279136e-02,3.150327e-01,3.005784e-01,1.862356e-01,1.728905e-01,9.610338e-02,4.478129e-01,5.934600e-01,8.471596e-02,2.880567e-01,3.020373e-01,3.360557e-01,1.082897e-01,4.395911e-01,1.499237e-01,1.065223e-01,6.261644e-01,2.943367e-01,
6.614524e-01,1.817033e-01,9.055348e-02,3.421453e-01,2.885090e-01,1.814908e-01,1.744546e-01,1.018712e-01,4.532746e-01,5.981358e-01,8.543216e-02,3.291240e-01,3.184485e-01,3.423616e-01,1.156918e-01,4.622336e-01,1.596640e-01,1.078273e-01,6.415583e-01,3.081465e-01,
6.614884e-01,1.843717e-01,8.836831e-02,3.700581e-01,2.767438e-01,1.781073e-01,1.766047e-01,1.085524e-01,4.566503e-01,6.029491e-01,8.629145e-02,3.734643e-01,3.330477e-01,3.494697e-01,1.244490e-01,4.821999e-01,1.713260e-01,1.111032e-01,6.551535e-01,3.229158e-01,
6.611115e-01,1.871918e-01,8.629648e-02,3.986002e-01,2.655170e-01,1.761269e-01,1.794230e-01,1.162279e-01,4.588985e-01,6.085848e-01,8.730482e-02,4.204849e-01,3.467799e-01,3.575716e-01,1.349551e-01,4.999504e-01,1.848142e-01,1.164537e-01,6.670154e-01,3.394078e-01,
6.601971e-01,1.901970e-01,8.431420e-02,4.276391e-01,2.549881e-01,1.755943e-01,1.830077e-01,1.247365e-01,4.609345e-01,6.157616e-01,8.847164e-02,4.694213e-01,3.605075e-01,3.667072e-01,1.474668e-01,5.162884e-01,1.997660e-01,1.237668e-01,6.774383e-01,3.584656e-01,
6.585637e-01,1.934402e-01,8.243374e-02,4.569948e-01,2.451691e-01,1.765155e-01,1.874248e-01,1.339464e-01,4.635330e-01,6.251327e-01,8.976214e-02,5.194148e-01,3.747041e-01,3.766833e-01,1.621131e-01,5.323393e-01,2.156002e-01,1.327558e-01,6.872916e-01,3.810699e-01,
6.560410e-01,1.970828e-01,8.066454e-02,4.866213e-01,2.361724e-01,1.790452e-01,1.926285e-01,1.437455e-01,4.673139e-01,6.372927e-01,9.121232e-02,5.696498e-01,3.897669e-01,3.872491e-01,1.789095e-01,5.493344e-01,2.316009e-01,1.429439e-01,6.973441e-01,4.082227e-01,
6.526449e-01,2.013429e-01,7.903244e-02,5.163862e-01,2.281242e-01,1.832758e-01,1.985079e-01,1.539632e-01,4.726412e-01,6.527492e-01,9.286990e-02,6.193935e-01,4.058374e-01,3.979645e-01,1.977145e-01,5.686196e-01,2.470542e-01,1.536444e-01,7.087111e-01,4.408345e-01,
6.485527e-01,2.064858e-01,7.750581e-02,5.463861e-01,2.208900e-01,1.894203e-01,2.049419e-01,1.645261e-01,4.797215e-01,6.719088e-01,9.468665e-02,6.680726e-01,4.229734e-01,4.085710e-01,2.182552e-01,5.915055e-01,2.614951e-01,1.641155e-01,7.222148e-01,4.793593e-01,
6.439763e-01,2.127111e-01,7.613956e-02,5.766376e-01,2.144842e-01,1.976701e-01,2.116729e-01,1.752260e-01,4.884487e-01,6.950012e-01,9.674296e-02,7.152931e-01,4.410859e-01,4.189186e-01,2.403413e-01,6.189920e-01,2.745825e-01,1.736457e-01,7.387338e-01,5.236340e-01,
6.394389e-01,2.203285e-01,7.495306e-02,6.073071e-01,2.088380e-01,2.081615e-01,2.186090e-01,1.860470e-01,4.986182e-01,7.222354e-01,9.910741e-02,7.608528e-01,4.601275e-01,4.289902e-01,2.637963e-01,6.514487e-01,2.861523e-01,1.817615e-01,7.586153e-01,5.730587e-01,
6.353948e-01,2.294692e-01,7.385423e-02,6.384382e-01,2.039697e-01,2.210049e-01,2.256314e-01,1.969189e-01,5.099666e-01,7.535344e-01,1.018573e-01,8.047511e-01,4.800579e-01,4.392190e-01,2.885393e-01,6.886821e-01,2.961760e-01,1.880809e-01,7.821618e-01,6.264521e-01,
6.323874e-01,2.402707e-01,7.288685e-02,6.701319e-01,1.997149e-01,2.361941e-01,2.327262e-01,2.078360e-01,5.222095e-01,7.888411e-01,1.051646e-01,8.470984e-01,5.009636e-01,4.503373e-01,3.145502e-01,7.295143e-01,3.047715e-01,1.924387e-01,8.092632e-01,6.822860e-01,
6.308011e-01,2.526700e-01,7.208323e-02,7.024541e-01,1.960835e-01,2.534557e-01,2.400226e-01,2.187649e-01,5.353246e-01,8.278256e-01,1.091232e-01,8.881356e-01,5.230211e-01,4.635375e-01,3.417719e-01,7.720991e-01,3.120592e-01,1.948899e-01,8.396630e-01,7.389584e-01,
6.310543e-01,2.665143e-01,7.139141e-02,7.354038e-01,1.930538e-01,2.723153e-01,2.477417e-01,2.297092e-01,5.493938e-01,8.702493e-01,1.138882e-01,9.282195e-01,5.465584e-01,4.804164e-01,3.700557e-01,8.142145e-01,3.181437e-01,1.956415e-01,8.726580e-01,7.948732e-01,
6.334144e-01,2.814506e-01,7.079978e-02,7.688600e-01,1.905407e-01,2.921587e-01,2.561778e-01,2.406561e-01,5.648328e-01,9.155397e-01,1.195623e-01,9.677430e-01,5.721909e-01,5.025858e-01,3.990403e-01,8.538092e-01,3.232580e-01,1.949397e-01,9.075016e-01,8.488080e-01,
6.380365e-01,2.970744e-01,7.032103e-02,8.027953e-01,1.884595e-01,3.123662e-01,2.656550e-01,2.516452e-01,5.820870e-01,9.633459e-01,1.261829e-01,1.007081e+00,6.008814e-01,5.314398e-01,4.282859e-01,8.892260e-01,3.275093e-01,1.930743e-01,9.436179e-01,8.995495e-01,
6.447199e-01,3.128755e-01,6.993531e-02,8.370109e-01,1.868048e-01,3.323270e-01,2.765321e-01,2.626656e-01,6.016781e-01,1.013034e+00,1.336844e-01,1.046625e+00,6.336413e-01,5.672963e-01,4.572358e-01,9.194788e-01,3.310796e-01,1.903357e-01,9.802617e-01,9.461365e-01,
6.530281e-01,3.284159e-01,6.964229e-02,8.712907e-01,1.855397e-01,3.516211e-01,2.891029e-01,2.737447e-01,6.239735e-01,1.064131e+00,1.418731e-01,1.086733e+00,6.716778e-01,6.091284e-01,4.852428e-01,9.442839e-01,3.340559e-01,1.869202e-01,1.016795e+00,9.879791e-01,
6.624105e-01,3.432811e-01,6.941332e-02,9.053141e-01,1.845298e-01,3.700188e-01,3.036140e-01,2.848639e-01,6.493333e-01,1.116095e+00,1.504754e-01,1.127755e+00,7.159470e-01,6.541947e-01,5.120034e-01,9.637783e-01,3.365648e-01,1.831171e-01,1.052570e+00,1.024656e+00,
6.722298e-01,3.571495e-01,6.926762e-02,9.388414e-01,1.838036e-01,3.875522e-01,3.202231e-01,2.960693e-01,6.775758e-01,1.168488e+00,1.590595e-01,1.169981e+00,7.670416e-01,6.988653e-01,5.370889e-01,9.786323e-01,3.386802e-01,1.790698e-01,1.087475e+00,1.055947e+00,
6.816314e-01,3.698274e-01,6.917212e-02,9.715284e-01,1.833183e-01,4.042838e-01,3.389312e-01,3.073920e-01,7.083885e-01,1.220847e+00,1.672861e-01,1.213641e+00,8.246902e-01,7.394658e-01,5.603728e-01,9.894697e-01,3.405040e-01,1.749299e-01,1.121115e+00,1.081843e+00,
6.899868e-01,3.812119e-01,6.914747e-02,1.003096e+00,1.830894e-01,4.204361e-01,3.595768e-01,3.189542e-01,7.411909e-01,1.272823e+00,1.748355e-01,1.258909e+00,8.878900e-01,7.731683e-01,5.818390e-01,9.969984e-01,3.420940e-01,1.708018e-01,1.153245e+00,1.102407e+00,
6.967496e-01,3.913446e-01,6.912792e-02,1.033230e+00,1.830063e-01,4.361925e-01,3.819174e-01,3.308991e-01,7.751604e-01,1.324122e+00,1.814668e-01,1.305915e+00,9.546844e-01,7.984791e-01,6.013023e-01,1.002047e+00,3.435053e-01,1.667697e-01,1.184126e+00,1.118026e+00,
7.015200e-01,4.002870e-01,6.908361e-02,1.061635e+00,1.830667e-01,4.515040e-01,4.055665e-01,3.433761e-01,8.094554e-01,1.374469e+00,1.870646e-01,1.354722e+00,1.022607e+00,8.151591e-01,6.188058e-01,1.005186e+00,3.449467e-01,1.628966e-01,1.213269e+00,1.128984e+00,
7.041242e-01,4.081963e-01,6.910959e-02,1.088355e+00,1.832470e-01,4.663870e-01,4.299015e-01,3.564056e-01,8.432702e-01,1.423807e+00,1.915887e-01,1.405295e+00,1.089002e+00,8.239484e-01,6.342405e-01,1.007030e+00,3.463897e-01,1.592176e-01,1.240839e+00,1.135879e+00,
7.045047e-01,4.152236e-01,6.916096e-02,1.113243e+00,1.835252e-01,4.806222e-01,4.543409e-01,3.701285e-01,8.759599e-01,1.472018e+00,1.951105e-01,1.457547e+00,1.151368e+00,8.259696e-01,6.475065e-01,1.008031e+00,3.479244e-01,1.557423e-01,1.266549e+00,1.139165e+00,
7.027934e-01,4.215311e-01,6.923349e-02,1.136338e+00,1.838843e-01,4.939448e-01,4.781346e-01,3.846422e-01,9.070464e-01,1.519234e+00,1.977330e-01,1.511313e+00,1.207999e+00,8.225544e-01,6.584008e-01,1.008657e+00,3.496460e-01,1.525206e-01,1.290118e+00,1.139436e+00,
6.992232e-01,4.273534e-01,6.931008e-02,1.157804e+00,1.843072e-01,5.061131e-01,5.007935e-01,3.999858e-01,9.362010e-01,1.565446e+00,1.996366e-01,1.566304e+00,1.257563e+00,8.150342e-01,6.669222e-01,1.009387e+00,3.516634e-01,1.494963e-01,1.311529e+00,1.137379e+00,
6.940919e-01,4.328033e-01,6.938721e-02,1.177971e+00,1.847719e-01,5.169144e-01,5.217920e-01,4.160733e-01,9.632046e-01,1.610793e+00,2.009977e-01,1.622249e+00,1.299694e+00,8.044947e-01,6.729112e-01,1.010605e+00,3.540905e-01,1.467842e-01,1.330451e+00,1.133547e+00,
6.876581e-01,4.380950e-01,6.946906e-02,1.197113e+00,1.852782e-01,5.262557e-01,5.407723e-01,4.328802e-01,9.880806e-01,1.655439e+00,2.020483e-01,1.678827e+00,1.334303e+00,7.919201e-01,6.764036e-01,1.012504e+00,3.569489e-01,1.442578e-01,1.346850e+00,1.128474e+00,
6.802758e-01,4.433373e-01,6.957129e-02,1.215654e+00,1.858401e-01,5.342384e-01,5.576845e-01,4.502916e-01,1.010802e+00,1.699313e+00,2.029749e-01,1.735621e+00,1.361750e+00,7.779805e-01,6.775334e-01,1.015257e+00,3.604003e-01,1.420079e-01,1.360382e+00,1.122739e+00,
6.721241e-01,4.486799e-01,6.970573e-02,1.234034e+00,1.863793e-01,5.410537e-01,5.724867e-01,4.681344e-01,1.031401e+00,1.742371e+00,2.040088e-01,1.792169e+00,1.382669e+00,7.632586e-01,6.764171e-01,1.019078e+00,3.644217e-01,1.399454e-01,1.371048e+00,1.116826e+00,
6.635113e-01,4.542155e-01,6.986172e-02,1.252709e+00,1.869823e-01,5.469649e-01,5.853624e-01,4.862828e-01,1.050059e+00,1.784252e+00,2.053261e-01,1.848100e+00,1.397814e+00,7.482489e-01,6.732249e-01,1.023942e+00,3.690718e-01,1.381031e-01,1.378754e+00,1.111117e+00,
6.546697e-01,4.600372e-01,7.000995e-02,1.272171e+00,1.875200e-01,5.521339e-01,5.965366e-01,5.046547e-01,1.066820e+00,1.824655e+00,2.070811e-01,1.903023e+00,1.407887e+00,7.333109e-01,6.682144e-01,1.029906e+00,3.743964e-01,1.364194e-01,1.383442e+00,1.105973e+00,
6.457222e-01,4.662259e-01,7.018902e-02,1.292888e+00,1.881164e-01,5.568851e-01,6.065028e-01,5.230795e-01,1.081977e+00,1.863137e+00,2.094571e-01,1.956594e+00,1.413726e+00,7.185993e-01,6.616325e-01,1.036690e+00,3.804037e-01,1.349171e-01,1.385327e+00,1.101447e+00,
6.369059e-01,4.728720e-01,7.034919e-02,1.315400e+00,1.886472e-01,5.614578e-01,6.155746e-01,5.415703e-01,1.095581e+00,1.899231e+00,2.126965e-01,2.008515e+00,1.416174e+00,7.043365e-01,6.537542e-01,1.044278e+00,3.871046e-01,1.336184e-01,1.384574e+00,1.097718e+00,
6.282362e-01,4.801464e-01,7.051209e-02,1.340225e+00,1.891292e-01,5.659582e-01,6.240913e-01,5.602323e-01,1.107892e+00,1.932526e+00,2.168270e-01,2.058533e+00,1.416013e+00,6.906485e-01,6.448361e-01,1.052391e+00,3.944662e-01,1.324621e-01,1.381297e+00,1.094822e+00,
6.199190e-01,4.880247e-01,7.063191e-02,1.367858e+00,1.895981e-01,5.704957e-01,6.324278e-01,5.790638e-01,1.119027e+00,1.962580e+00,2.220096e-01,2.106506e+00,1.413797e+00,6.775414e-01,6.351538e-01,1.060897e+00,4.025012e-01,1.314959e-01,1.375775e+00,1.092528e+00,
6.118833e-01,4.966743e-01,7.076182e-02,1.398827e+00,1.900896e-01,5.750261e-01,6.408076e-01,5.982729e-01,1.129311e+00,1.989175e+00,2.281746e-01,2.152378e+00,1.410110e+00,6.651103e-01,6.248800e-01,1.069448e+00,4.110225e-01,1.306499e-01,1.368330e+00,1.090795e+00,
6.042758e-01,5.062844e-01,7.091174e-02,1.433597e+00,1.905880e-01,5.795048e-01,6.494958e-01,6.182340e-01,1.138883e+00,2.012105e+00,2.353295e-01,2.196091e+00,1.405523e+00,6.533945e-01,6.142190e-01,1.077937e+00,4.199739e-01,1.299624e-01,1.359327e+00,1.089385e+00,
5.970985e-01,5.170649e-01,7.105313e-02,1.472508e+00,1.911300e-01,5.837492e-01,6.586205e-01,6.393011e-01,1.148057e+00,2.031456e+00,2.433042e-01,2.237734e+00,1.400262e+00,6.423962e-01,6.033685e-01,1.086234e+00,4.293494e-01,1.293930e-01,1.349134e+00,1.088079e+00,
5.904357e-01,5.292110e-01,7.121613e-02,1.515768e+00,1.915874e-01,5.876570e-01,6.682100e-01,6.619436e-01,1.156950e+00,2.047321e+00,2.519543e-01,2.277518e+00,1.394848e+00,6.321051e-01,5.924594e-01,1.094300e+00,4.390360e-01,1.289510e-01,1.337952e+00,1.086702e+00,
5.842261e-01,5.429675e-01,7.139383e-02,1.563546e+00,1.920098e-01,5.911595e-01,6.783749e-01,6.866962e-01,1.165831e+00,2.059898e+00,2.610191e-01,2.315623e+00,1.389583e+00,6.226221e-01,5.816560e-01,1.102003e+00,4.490097e-01,1.285968e-01,1.326158e+00,1.085010e+00,
5.784964e-01,5.585678e-01,7.160051e-02,1.615806e+00,1.924148e-01,5.939984e-01,6.890845e-01,7.142212e-01,1.174932e+00,2.069642e+00,2.702295e-01,2.352318e+00,1.384460e+00,6.138448e-01,5.710341e-01,1.109436e+00,4.592591e-01,1.283278e-01,1.314078e+00,1.082899e+00,
5.732794e-01,5.762843e-01,7.181276e-02,1.672233e+00,1.928467e-01,5.961452e-01,7.001474e-01,7.449520e-01,1.184431e+00,2.076989e+00,2.793348e-01,2.387944e+00,1.379801e+00,6.057333e-01,5.607013e-01,1.116735e+00,4.697611e-01,1.281382e-01,1.301899e+00,1.080376e+00,
5.684636e-01,5.964687e-01,7.201269e-02,1.732274e+00,1.932543e-01,5.975295e-01,7.114759e-01,7.795321e-01,1.194456e+00,2.082337e+00,2.881213e-01,2.422855e+00,1.375621e+00,5.983594e-01,5.507045e-01,1.124002e+00,4.807248e-01,1.280040e-01,1.289787e+00,1.077339e+00,
5.641213e-01,6.192319e-01,7.224435e-02,1.795329e+00,1.936648e-01,5.981074e-01,7.228742e-01,8.181850e-01,1.205207e+00,2.086299e+00,2.964107e-01,2.457392e+00,1.371987e+00,5.915923e-01,5.410943e-01,1.131558e+00,4.923269e-01,1.279416e-01,1.277951e+00,1.073822e+00,
5.602548e-01,6.448040e-01,7.240867e-02,1.860520e+00,1.940179e-01,5.979359e-01,7.343525e-01,8.612414e-01,1.216646e+00,2.089299e+00,3.040301e-01,2.491944e+00,1.368769e+00,5.854800e-01,5.319592e-01,1.139525e+00,5.047663e-01,1.279241e-01,1.266642e+00,1.069848e+00,
5.568004e-01,6.732534e-01,7.255203e-02,1.926927e+00,1.943633e-01,5.970668e-01,7.457293e-01,9.083817e-01,1.228932e+00,2.092010e+00,3.109170e-01,2.526917e+00,1.366299e+00,5.799576e-01,5.232301e-01,1.148271e+00,5.182256e-01,1.279411e-01,1.255965e+00,1.065366e+00,
5.537211e-01,7.045320e-01,7.267164e-02,1.993709e+00,1.946784e-01,5.955459e-01,7.569646e-01,9.591136e-01,1.241786e+00,2.094905e+00,3.170429e-01,2.562641e+00,1.364233e+00,5.750088e-01,5.150028e-01,1.158093e+00,5.331042e-01,1.280478e-01,1.246011e+00,1.060548e+00,
5.510545e-01,7.385623e-01,7.276524e-02,2.060328e+00,1.949595e-01,5.934386e-01,7.680593e-01,1.012548e+00,1.255312e+00,2.098577e+00,3.224009e-01,2.599512e+00,1.362489e+00,5.706022e-01,5.072644e-01,1.169381e+00,5.497715e-01,1.281483e-01,1.237018e+00,1.055574e+00,
5.487112e-01,7.749837e-01,7.285830e-02,2.126191e+00,1.952302e-01,5.908699e-01,7.791066e-01,1.067472e+00,1.269178e+00,2.103623e+00,3.269863e-01,2.637832e+00,1.361124e+00,5.667303e-01,5.000275e-01,1.182489e+00,5.685254e-01,1.283037e-01,1.228938e+00,1.050442e+00,
5.467127e-01,8.134950e-01,7.293227e-02,2.191212e+00,1.954741e-01,5.879229e-01,7.900200e-01,1.122365e+00,1.283237e+00,2.110617e+00,3.308636e-01,2.677812e+00,1.359866e+00,5.633553e-01,4.933083e-01,1.197796e+00,5.896817e-01,1.284957e-01,1.221835e+00,1.045216e+00,
5.449917e-01,8.534545e-01,7.302888e-02,2.255415e+00,1.957081e-01,5.846065e-01,8.012885e-01,1.175806e+00,1.297027e+00,2.120165e+00,3.340637e-01,2.719635e+00,1.358669e+00,5.604327e-01,4.870804e-01,1.215679e+00,6.135660e-01,1.286450e-01,1.215932e+00,1.039989e+00,
5.435288e-01,8.942341e-01,7.312004e-02,2.319160e+00,1.959872e-01,5.810890e-01,8.130212e-01,1.226512e+00,1.310333e+00,2.132758e+00,3.366750e-01,2.763481e+00,1.357731e+00,5.579295e-01,4.812923e-01,1.236467e+00,6.403010e-01,1.288217e-01,1.211028e+00,1.034821e+00,
5.423340e-01,9.353086e-01,7.320768e-02,2.382841e+00,1.962337e-01,5.773747e-01,8.255810e-01,1.273425e+00,1.322836e+00,2.149154e+00,3.387277e-01,2.809427e+00,1.356854e+00,5.558617e-01,4.759993e-01,1.260667e+00,6.701354e-01,1.290081e-01,1.207167e+00,1.029950e+00,
5.414200e-01,9.758135e-01,7.329042e-02,2.447065e+00,1.964738e-01,5.735881e-01,8.393432e-01,1.315703e+00,1.334240e+00,2.169636e+00,3.403141e-01,2.857530e+00,1.355990e+00,5.541025e-01,4.711848e-01,1.288547e+00,7.030603e-01,1.291966e-01,1.204288e+00,1.025296e+00,
5.406964e-01,1.015053e+00,7.338288e-02,2.512412e+00,1.966871e-01,5.696836e-01,8.546358e-01,1.352955e+00,1.344328e+00,2.194854e+00,3.413808e-01,2.907696e+00,1.355118e+00,5.526860e-01,4.667674e-01,1.320474e+00,7.391313e-01,1.294064e-01,1.202451e+00,1.021013e+00,
5.401655e-01,1.052565e+00,7.345498e-02,2.579514e+00,1.968476e-01,5.657654e-01,8.719155e-01,1.384845e+00,1.352899e+00,2.225028e+00,3.420800e-01,2.959809e+00,1.354194e+00,5.515932e-01,4.627678e-01,1.356736e+00,7.783610e-01,1.296178e-01,1.201415e+00,1.017032e+00,
5.397905e-01,1.087719e+00,7.351212e-02,2.648817e+00,1.970499e-01,5.617837e-01,8.914050e-01,1.411614e+00,1.359781e+00,2.260585e+00,3.423091e-01,3.013793e+00,1.353447e+00,5.507643e-01,4.591978e-01,1.397277e+00,8.209301e-01,1.297958e-01,1.201210e+00,1.013524e+00,
5.395400e-01,1.120164e+00,7.352545e-02,2.720660e+00,1.971781e-01,5.578848e-01,9.134376e-01,1.433345e+00,1.365041e+00,2.301610e+00,3.421872e-01,3.069380e+00,1.352746e+00,5.501409e-01,4.560051e-01,1.442403e+00,8.671713e-01,1.299907e-01,1.201863e+00,1.010473e+00,
5.395356e-01,1.149527e+00,7.359638e-02,2.795121e+00,1.973067e-01,5.540490e-01,9.381410e-01,1.450416e+00,1.368658e+00,2.347934e+00,3.416800e-01,3.126190e+00,1.352244e+00,5.497767e-01,4.531573e-01,1.491930e+00,9.175321e-01,1.302000e-01,1.203111e+00,1.007981e+00,
5.395615e-01,1.175717e+00,7.366873e-02,2.872416e+00,1.974303e-01,5.502761e-01,9.654869e-01,1.463231e+00,1.370553e+00,2.399520e+00,3.408699e-01,3.183940e+00,1.351783e+00,5.495278e-01,4.506741e-01,1.545465e+00,9.725859e-01,1.303849e-01,1.204775e+00,1.006007e+00,
5.396832e-01,1.198552e+00,7.373130e-02,2.952506e+00,1.974663e-01,5.466543e-01,9.952809e-01,1.472284e+00,1.370966e+00,2.455801e+00,3.397436e-01,3.242316e+00,1.351649e+00,5.495149e-01,4.485012e-01,1.602562e+00,1.032804e+00,1.305501e-01,1.206920e+00,1.004675e+00,
5.399130e-01,1.218097e+00,7.378842e-02,3.035039e+00,1.975379e-01,5.430909e-01,1.027134e+00,1.478078e+00,1.369982e+00,2.516276e+00,3.383356e-01,3.300944e+00,1.351771e+00,5.496042e-01,4.466080e-01,1.662376e+00,1.098485e+00,1.307123e-01,1.209226e+00,1.004018e+00,
5.401872e-01,1.234453e+00,7.382377e-02,3.119828e+00,1.976336e-01,5.396791e-01,1.060462e+00,1.481060e+00,1.367788e+00,2.580384e+00,3.366878e-01,3.359473e+00,1.352046e+00,5.499367e-01,4.450416e-01,1.723990e+00,1.169537e+00,1.308746e-01,1.211540e+00,1.004148e+00,
5.405747e-01,1.247804e+00,7.384525e-02,3.206704e+00,1.980418e-01,5.363718e-01,1.094604e+00,1.481661e+00,1.364575e+00,2.647291e+00,3.348488e-01,3.417528e+00,1.352684e+00,5.502943e-01,4.436786e-01,1.786390e+00,1.245129e+00,1.310456e-01,1.214061e+00,1.005167e+00,
5.410448e-01,1.258376e+00,7.388050e-02,3.295480e+00,1.981742e-01,5.332425e-01,1.128765e+00,1.480261e+00,1.360443e+00,2.716515e+00,3.327943e-01,3.474762e+00,1.353403e+00,5.507653e-01,4.425855e-01,1.848163e+00,1.323964e+00,1.312298e-01,1.216341e+00,1.007048e+00,
5.416265e-01,1.266321e+00,7.392204e-02,3.385872e+00,1.981691e-01,5.301792e-01,1.162111e+00,1.477276e+00,1.355600e+00,2.787188e+00,3.305975e-01,3.530862e+00,1.354461e+00,5.513389e-01,4.416528e-01,1.908329e+00,1.404318e+00,1.314219e-01,1.218450e+00,1.009963e+00,
5.421972e-01,1.271983e+00,7.395360e-02,3.477935e+00,1.980732e-01,5.272637e-01,1.194100e+00,1.473040e+00,1.350227e+00,2.858905e+00,3.282697e-01,3.585545e+00,1.355657e+00,5.519254e-01,4.409494e-01,1.965764e+00,1.484128e+00,1.316056e-01,1.220096e+00,1.014080e+00,
5.427986e-01,1.275640e+00,7.395246e-02,3.571776e+00,1.980329e-01,5.244637e-01,1.224237e+00,1.467827e+00,1.344410e+00,2.931203e+00,3.258092e-01,3.638592e+00,1.357090e+00,5.525615e-01,4.403822e-01,2.019377e+00,1.561523e+00,1.317501e-01,1.221632e+00,1.019546e+00,
5.434635e-01,1.277620e+00,7.397898e-02,3.667317e+00,1.980142e-01,5.218452e-01,1.252035e+00,1.461952e+00,1.338373e+00,3.003746e+00,3.233283e-01,3.689707e+00,1.358600e+00,5.533097e-01,4.399708e-01,2.068714e+00,1.634814e+00,1.318776e-01,1.222790e+00,1.026480e+00,
5.440914e-01,1.278090e+00,7.403675e-02,3.764323e+00,1.980177e-01,5.194195e-01,1.277394e+00,1.455746e+00,1.332113e+00,3.076311e+00,3.207816e-01,3.738666e+00,1.360213e+00,5.540091e-01,4.397007e-01,2.113230e+00,1.702644e+00,1.320150e-01,1.223705e+00,1.035088e+00,
5.447000e-01,1.277357e+00,7.404043e-02,3.862812e+00,1.980208e-01,5.171207e-01,1.300152e+00,1.449312e+00,1.325854e+00,3.148910e+00,3.182019e-01,3.785473e+00,1.361888e+00,5.547508e-01,4.395511e-01,2.152747e+00,1.763963e+00,1.321625e-01,1.224082e+00,1.045474e+00,
5.453324e-01,1.275620e+00,7.406259e-02,3.962397e+00,1.980746e-01,5.149814e-01,1.320397e+00,1.443064e+00,1.319654e+00,3.221596e+00,3.155911e-01,3.830117e+00,1.363397e+00,5.554698e-01,4.395061e-01,2.187380e+00,1.818228e+00,1.322995e-01,1.224127e+00,1.057809e+00,
5.459321e-01,1.273197e+00,7.408460e-02,4.062609e+00,1.981155e-01,5.130340e-01,1.338129e+00,1.437135e+00,1.313522e+00,3.294466e+00,3.130246e-01,3.872548e+00,1.364750e+00,5.562678e-01,4.395706e-01,2.217055e+00,1.865095e+00,1.324197e-01,1.223749e+00,1.072304e+00,
5.465186e-01,1.270272e+00,7.408149e-02,4.162768e+00,1.982462e-01,5.112167e-01,1.353632e+00,1.431683e+00,1.307544e+00,3.367577e+00,3.105072e-01,3.912730e+00,1.366103e+00,5.570388e-01,4.397463e-01,2.242300e+00,1.904675e+00,1.325319e-01,1.222994e+00,1.089200e+00,
5.471061e-01,1.267067e+00,7.412301e-02,4.261841e+00,1.984196e-01,5.095593e-01,1.366999e+00,1.426994e+00,1.301813e+00,3.441187e+00,3.080408e-01,3.950794e+00,1.367344e+00,5.578632e-01,4.399291e-01,2.263281e+00,1.937144e+00,1.326327e-01,1.221994e+00,1.108630e+00,
5.476779e-01,1.263782e+00,7.416293e-02,4.359097e+00,1.986070e-01,5.079836e-01,1.378484e+00,1.423229e+00,1.296336e+00,3.515455e+00,3.056458e-01,3.986941e+00,1.368375e+00,5.586256e-01,4.401359e-01,2.280741e+00,1.962959e+00,1.327402e-01,1.220756e+00,1.130731e+00,
5.482994e-01,1.260632e+00,7.418600e-02,4.453579e+00,1.988052e-01,5.065449e-01,1.388176e+00,1.420477e+00,1.291088e+00,3.590257e+00,3.033429e-01,4.021221e+00,1.369101e+00,5.594036e-01,4.404051e-01,2.294881e+00,1.982757e+00,1.328382e-01,1.219291e+00,1.155606e+00,
5.488054e-01,1.257662e+00,7.418608e-02,4.544397e+00,1.989670e-01,5.052644e-01,1.396353e+00,1.418963e+00,1.286111e+00,3.665775e+00,3.011237e-01,4.053860e+00,1.369733e+00,5.602007e-01,4.407409e-01,2.306351e+00,1.997279e+00,1.328957e-01,1.217650e+00,1.183462e+00,
5.493625e-01,1.255269e+00,7.417325e-02,4.630785e+00,1.991577e-01,5.040962e-01,1.403042e+00,1.418931e+00,1.281500e+00,3.741816e+00,2.989794e-01,4.085213e+00,1.370149e+00,5.609054e-01,4.411061e-01,2.315507e+00,2.007253e+00,1.329776e-01,1.215877e+00,1.214303e+00,
5.498864e-01,1.253639e+00,7.417277e-02,4.712061e+00,1.992414e-01,5.030963e-01,1.408461e+00,1.420308e+00,1.277210e+00,3.818375e+00,2.969381e-01,4.115561e+00,1.370387e+00,5.616564e-01,4.414594e-01,2.322803e+00,2.013373e+00,1.330618e-01,1.213921e+00,1.248011e+00,
5.503979e-01,1.252882e+00,7.415322e-02,4.787963e+00,1.992293e-01,5.021399e-01,1.412569e+00,1.423208e+00,1.273186e+00,3.895347e+00,2.949278e-01,4.145203e+00,1.370218e+00,5.623013e-01,4.418304e-01,2.328739e+00,2.016235e+00,1.331167e-01,1.212027e+00,1.284534e+00,
5.509559e-01,1.253259e+00,7.415313e-02,4.857960e+00,1.991768e-01,5.012786e-01,1.415571e+00,1.427782e+00,1.269491e+00,3.972096e+00,2.929905e-01,4.174513e+00,1.369912e+00,5.629373e-01,4.421974e-01,2.333875e+00,2.016558e+00,1.331625e-01,1.210034e+00,1.323499e+00,
5.515230e-01,1.255069e+00,7.414310e-02,4.921638e+00,1.990388e-01,5.005454e-01,1.417434e+00,1.434051e+00,1.266161e+00,4.048535e+00,2.911451e-01,4.203864e+00,1.369428e+00,5.635402e-01,4.425699e-01,2.338458e+00,2.014818e+00,1.331928e-01,1.208007e+00,1.364586e+00,
5.521105e-01,1.258602e+00,7.410368e-02,4.978658e+00,1.988535e-01,4.999107e-01,1.418283e+00,1.441885e+00,1.263095e+00,4.124430e+00,2.894142e-01,4.233634e+00,1.368708e+00,5.640913e-01,4.429473e-01,2.342954e+00,2.011519e+00,1.332073e-01,1.205878e+00,1.407362e+00,
5.527158e-01,1.264312e+00,7.408432e-02,5.029227e+00,1.986389e-01,4.994254e-01,1.418081e+00,1.451236e+00,1.260429e+00,4.199551e+00,2.877930e-01,4.264274e+00,1.367895e+00,5.646482e-01,4.433550e-01,2.347968e+00,2.007106e+00,1.332173e-01,1.203809e+00,1.451151e+00,
5.534393e-01,1.272358e+00,7.408099e-02,5.073205e+00,1.983964e-01,4.989386e-01,1.417020e+00,1.461875e+00,1.257979e+00,4.273700e+00,2.862918e-01,4.296206e+00,1.366985e+00,5.652238e-01,4.437351e-01,2.353832e+00,2.001818e+00,1.332345e-01,1.201819e+00,1.495481e+00,
5.541996e-01,1.283320e+00,7.405709e-02,5.110801e+00,1.981316e-01,4.985462e-01,1.415160e+00,1.473618e+00,1.255809e+00,4.346767e+00,2.849144e-01,4.329817e+00,1.365991e+00,5.656820e-01,4.441536e-01,2.360952e+00,1.995763e+00,1.332464e-01,1.199912e+00,1.539480e+00,
5.551686e-01,1.297673e+00,7.406251e-02,5.142291e+00,1.978807e-01,4.981770e-01,1.412586e+00,1.486227e+00,1.253923e+00,4.418618e+00,2.836641e-01,4.365590e+00,1.364829e+00,5.661698e-01,4.446038e-01,2.369963e+00,1.989246e+00,1.332534e-01,1.197975e+00,1.582643e+00,
5.562590e-01,1.315855e+00,7.403368e-02,5.167968e+00,1.976627e-01,4.979292e-01,1.409204e+00,1.499625e+00,1.252321e+00,4.489349e+00,2.824875e-01,4.403958e+00,1.363598e+00,5.665886e-01,4.450273e-01,2.381248e+00,1.982408e+00,1.332566e-01,1.196241e+00,1.624457e+00,
5.575889e-01,1.338392e+00,7.398599e-02,5.188302e+00,1.974413e-01,4.976652e-01,1.405244e+00,1.513591e+00,1.250940e+00,4.559052e+00,2.814223e-01,4.445216e+00,1.362498e+00,5.670219e-01,4.455061e-01,2.395145e+00,1.975061e+00,1.332640e-01,1.194564e+00,1.664479e+00,
5.592359e-01,1.365817e+00,7.393747e-02,5.203745e+00,1.971559e-01,4.974492e-01,1.400692e+00,1.527843e+00,1.249821e+00,4.628207e+00,2.804702e-01,4.489828e+00,1.361223e+00,5.673943e-01,4.459496e-01,2.412165e+00,1.967317e+00,1.332930e-01,1.193022e+00,1.702366e+00,
5.612538e-01,1.398522e+00,7.391190e-02,5.215002e+00,1.968551e-01,4.973102e-01,1.395744e+00,1.542090e+00,1.248864e+00,4.696936e+00,2.795428e-01,4.538141e+00,1.360086e+00,5.676915e-01,4.463694e-01,2.432501e+00,1.959257e+00,1.333119e-01,1.191504e+00,1.737962e+00,
5.637017e-01,1.436930e+00,7.389745e-02,5.222645e+00,1.966123e-01,4.972762e-01,1.390386e+00,1.556272e+00,1.248057e+00,4.765893e+00,2.786965e-01,4.590426e+00,1.358888e+00,5.679054e-01,4.467718e-01,2.456647e+00,1.950908e+00,1.333010e-01,1.190062e+00,1.771030e+00,
5.667448e-01,1.481163e+00,7.385845e-02,5.227094e+00,1.963467e-01,4.972479e-01,1.384668e+00,1.570203e+00,1.247408e+00,4.835605e+00,2.779352e-01,4.647033e+00,1.357831e+00,5.681360e-01,4.471893e-01,2.484401e+00,1.942287e+00,1.332724e-01,1.188782e+00,1.801782e+00,
5.703046e-01,1.531332e+00,7.379708e-02,5.229026e+00,1.961029e-01,4.972878e-01,1.378692e+00,1.583941e+00,1.246943e+00,4.906696e+00,2.772809e-01,4.708169e+00,1.356759e+00,5.684164e-01,4.475566e-01,2.515701e+00,1.933539e+00,1.332216e-01,1.187539e+00,1.830354e+00,
5.746441e-01,1.587253e+00,7.376760e-02,5.228975e+00,1.959063e-01,4.972974e-01,1.372510e+00,1.597289e+00,1.246641e+00,4.979682e+00,2.767375e-01,4.774035e+00,1.355722e+00,5.687406e-01,4.478982e-01,2.550319e+00,1.924486e+00,1.331618e-01,1.186432e+00,1.856807e+00,
5.796458e-01,1.648611e+00,7.373977e-02,5.227625e+00,1.957252e-01,4.972835e-01,1.366203e+00,1.610368e+00,1.246393e+00,5.055306e+00,2.762395e-01,4.844873e+00,1.354701e+00,5.689923e-01,4.482574e-01,2.587489e+00,1.915208e+00,1.331311e-01,1.185388e+00,1.881500e+00,
5.853943e-01,1.714619e+00,7.371882e-02,5.225275e+00,1.954767e-01,4.973226e-01,1.359854e+00,1.623211e+00,1.246293e+00,5.134164e+00,2.758374e-01,4.920649e+00,1.353773e+00,5.693055e-01,4.486263e-01,2.626827e+00,1.905583e+00,1.330934e-01,1.184416e+00,1.904888e+00,
5.917481e-01,1.784590e+00,7.370656e-02,5.222172e+00,1.952283e-01,4.973912e-01,1.353357e+00,1.636044e+00,1.246332e+00,5.216595e+00,2.754435e-01,5.001321e+00,1.352904e+00,5.694951e-01,4.489301e-01,2.667245e+00,1.895939e+00,1.330367e-01,1.183654e+00,1.927367e+00,
5.987076e-01,1.857626e+00,7.366207e-02,5.219114e+00,1.950805e-01,4.974491e-01,1.346897e+00,1.648855e+00,1.246442e+00,5.302948e+00,2.750691e-01,5.087073e+00,1.352143e+00,5.697426e-01,4.492451e-01,2.708161e+00,1.886126e+00,1.329695e-01,1.182986e+00,1.949246e+00,
6.059123e-01,1.932623e+00,7.359365e-02,5.216434e+00,1.949152e-01,4.974930e-01,1.340473e+00,1.661899e+00,1.246586e+00,5.393879e+00,2.747378e-01,5.177698e+00,1.351445e+00,5.699636e-01,4.495584e-01,2.748254e+00,1.876374e+00,1.329198e-01,1.182343e+00,1.970959e+00,
6.132586e-01,2.008610e+00,7.354996e-02,5.214483e+00,1.947527e-01,4.975224e-01,1.334178e+00,1.675349e+00,1.246811e+00,5.488864e+00,2.744769e-01,5.272943e+00,1.350860e+00,5.701247e-01,4.498857e-01,2.786929e+00,1.866556e+00,1.328752e-01,1.181638e+00,1.993176e+00,
6.204332e-01,2.084748e+00,7.348531e-02,5.213669e+00,1.946351e-01,4.975701e-01,1.327843e+00,1.689484e+00,1.247061e+00,5.588222e+00,2.742933e-01,5.372631e+00,1.350340e+00,5.702868e-01,4.502200e-01,2.823408e+00,1.856688e+00,1.328237e-01,1.181118e+00,2.016229e+00,
6.271901e-01,2.160339e+00,7.340980e-02,5.214442e+00,1.944377e-01,4.977066e-01,1.321735e+00,1.704502e+00,1.247393e+00,5.691294e+00,2.741579e-01,5.476483e+00,1.349880e+00,5.704457e-01,4.505196e-01,2.857138e+00,1.847054e+00,1.327572e-01,1.180551e+00,2.040725e+00,
6.332816e-01,2.234578e+00,7.334433e-02,5.217188e+00,1.941983e-01,4.978253e-01,1.315700e+00,1.720749e+00,1.247736e+00,5.797918e+00,2.740687e-01,5.584558e+00,1.349485e+00,5.705958e-01,4.507788e-01,2.887870e+00,1.837582e+00,1.326746e-01,1.180066e+00,2.067245e+00,
6.384363e-01,2.307256e+00,7.395195e-02,5.222208e+00,1.950569e-01,4.978447e-01,1.309875e+00,1.738567e+00,1.248475e+00,5.906983e+00,2.740278e-01,5.695435e+00,1.349062e+00,5.706955e-01,4.510469e-01,2.915141e+00,1.828385e+00,1.332347e-01,1.179612e+00,2.096324e+00,
6.426131e-01,2.378614e+00,7.512738e-02,5.229912e+00,1.960666e-01,4.978254e-01,1.304319e+00,1.758232e+00,1.249317e+00,6.018934e+00,2.740151e-01,5.809691e+00,1.348855e+00,5.707630e-01,4.513007e-01,2.939138e+00,1.819481e+00,1.333685e-01,1.179150e+00,2.128228e+00,
6.456057e-01,2.447046e+00,7.669261e-02,5.240672e+00,1.969235e-01,4.978506e-01,1.298814e+00,1.780001e+00,1.250888e+00,6.132771e+00,2.740196e-01,5.925753e+00,1.348655e+00,5.709065e-01,4.515420e-01,2.959608e+00,1.810797e+00,1.335080e-01,1.178710e+00,2.163490e+00,
6.474254e-01,2.513472e+00,7.845546e-02,5.254876e+00,1.983345e-01,4.979225e-01,1.293557e+00,1.804396e+00,1.253359e+00,6.246504e+00,2.740317e-01,6.043532e+00,1.348541e+00,5.717215e-01,4.517640e-01,2.976934e+00,1.802483e+00,1.338046e-01,1.178388e+00,2.202365e+00,
6.480712e-01,2.578033e+00,7.995361e-02,5.272902e+00,1.999385e-01,4.979984e-01,1.288585e+00,1.831569e+00,1.255793e+00,6.360436e+00,2.740422e-01,6.162433e+00,1.348496e+00,5.722102e-01,4.519589e-01,2.991247e+00,1.794532e+00,1.342131e-01,1.178081e+00,2.244745e+00,
6.476498e-01,2.641019e+00,8.106581e-02,5.295065e+00,2.016011e-01,4.980891e-01,1.283823e+00,1.861906e+00,1.258184e+00,6.473058e+00,2.740644e-01,6.281876e+00,1.348468e+00,5.725470e-01,4.521298e-01,3.002797e+00,1.786972e+00,1.347232e-01,1.177748e+00,2.290736e+00,
6.462649e-01,2.702465e+00,8.190295e-02,5.321700e+00,2.034233e-01,4.981844e-01,1.279238e+00,1.895566e+00,1.260555e+00,6.582853e+00,2.740917e-01,6.401344e+00,1.348473e+00,5.729685e-01,4.523084e-01,3.011995e+00,1.779706e+00,1.352612e-01,1.177410e+00,2.339733e+00,
6.439657e-01,2.762465e+00,8.249110e-02,5.353243e+00,2.051925e-01,4.982593e-01,1.274962e+00,1.932976e+00,1.262774e+00,6.688712e+00,2.741342e-01,6.520439e+00,1.348614e+00,5.734849e-01,4.524803e-01,3.019166e+00,1.772982e+00,1.357473e-01,1.177071e+00,2.391242e+00,
6.410114e-01,2.821070e+00,8.285130e-02,5.389982e+00,2.067098e-01,4.982461e-01,1.270819e+00,1.973894e+00,1.264891e+00,6.790092e+00,2.742049e-01,6.638618e+00,1.348880e+00,5.739899e-01,4.526175e-01,3.024431e+00,1.766820e+00,1.361691e-01,1.176756e+00,2.444394e+00,
6.375110e-01,2.878355e+00,8.306556e-02,5.431952e+00,2.080835e-01,4.982666e-01,1.266930e+00,2.018375e+00,1.266699e+00,6.886617e+00,2.742723e-01,6.755487e+00,1.349182e+00,5.744242e-01,4.527893e-01,3.028020e+00,1.760954e+00,1.365360e-01,1.176489e+00,2.498267e+00,
6.336342e-01,2.934253e+00,8.311239e-02,5.479314e+00,2.099201e-01,4.983301e-01,1.263182e+00,2.066196e+00,1.269106e+00,6.977916e+00,2.743332e-01,6.870822e+00,1.349559e+00,5.748870e-01,4.529350e-01,3.030540e+00,1.755515e+00,1.368368e-01,1.176197e+00,2.551799e+00,
6.293752e-01,2.989146e+00,8.303403e-02,5.532188e+00,2.114097e-01,4.983308e-01,1.259726e+00,2.117043e+00,1.271917e+00,7.063893e+00,2.744092e-01,6.984525e+00,1.349961e+00,5.752806e-01,4.530792e-01,3.031849e+00,1.751428e+00,1.376157e-01,1.175882e+00,2.603871e+00,
6.249734e-01,3.042965e+00,8.288579e-02,5.590094e+00,2.129126e-01,4.983021e-01,1.256491e+00,2.170377e+00,1.275323e+00,7.143977e+00,2.745037e-01,7.096418e+00,1.350325e+00,5.756310e-01,4.532038e-01,3.032192e+00,1.747288e+00,1.379727e-01,1.175560e+00,2.653612e+00,
6.204854e-01,3.095941e+00,8.260801e-02,5.652777e+00,2.147020e-01,4.982252e-01,1.253469e+00,2.225788e+00,1.279203e+00,7.218920e+00,2.745865e-01,7.206294e+00,1.350632e+00,5.760040e-01,4.533235e-01,3.031722e+00,1.743461e+00,1.382186e-01,1.175291e+00,2.700351e+00,
6.158786e-01,3.148090e+00,8.219978e-02,5.719958e+00,2.167737e-01,4.982195e-01,1.250678e+00,2.282687e+00,1.283298e+00,7.288416e+00,2.746569e-01,7.314270e+00,1.350820e+00,5.763842e-01,4.533962e-01,3.030657e+00,1.739776e+00,1.384624e-01,1.174971e+00,2.743332e+00,
6.114500e-01,3.199670e+00,8.170915e-02,5.790881e+00,2.193596e-01,4.982191e-01,1.248081e+00,2.340295e+00,1.287536e+00,7.352786e+00,2.747110e-01,7.420603e+00,1.351059e+00,5.767196e-01,4.534218e-01,3.029225e+00,1.736390e+00,1.386773e-01,1.174694e+00,2.782187e+00,
6.070930e-01,3.250641e+00,8.117116e-02,5.864812e+00,2.226087e-01,4.981849e-01,1.245718e+00,2.398114e+00,1.291762e+00,7.412721e+00,2.747527e-01,7.525513e+00,1.351097e+00,5.769681e-01,4.534024e-01,3.027319e+00,1.733445e+00,1.388227e-01,1.174317e+00,2.816765e+00,
6.028636e-01,3.301298e+00,8.055668e-02,5.941092e+00,2.262815e-01,4.981506e-01,1.243531e+00,2.455611e+00,1.296078e+00,7.468202e+00,2.748074e-01,7.629359e+00,1.351172e+00,5.772077e-01,4.533619e-01,3.025162e+00,1.730747e+00,1.388553e-01,1.173842e+00,2.846987e+00,
5.989527e-01,3.351745e+00,7.990330e-02,6.018894e+00,2.300560e-01,4.981020e-01,1.241487e+00,2.512414e+00,1.300620e+00,7.519578e+00,2.749073e-01,7.732524e+00,1.351239e+00,5.773845e-01,4.533020e-01,3.022877e+00,1.728436e+00,1.388239e-01,1.173432e+00,2.873008e+00,
5.952314e-01,3.402320e+00,7.925303e-02,6.097536e+00,2.334001e-01,4.980837e-01,1.239615e+00,2.568081e+00,1.305431e+00,7.567407e+00,2.749768e-01,7.835528e+00,1.351285e+00,5.775013e-01,4.531654e-01,3.020344e+00,1.726492e+00,1.387385e-01,1.173132e+00,2.895136e+00,
5.917653e-01,3.453221e+00,7.863464e-02,6.176424e+00,2.359091e-01,4.980200e-01,1.237879e+00,2.622777e+00,1.310566e+00,7.611701e+00,2.750182e-01,7.938827e+00,1.351296e+00,5.775812e-01,4.530115e-01,3.017502e+00,1.724921e+00,1.386219e-01,1.172768e+00,2.913484e+00,
5.885833e-01,3.504532e+00,7.810157e-02,6.254503e+00,2.374031e-01,4.979577e-01,1.236301e+00,2.676111e+00,1.315776e+00,7.652956e+00,2.750636e-01,8.042899e+00,1.351313e+00,5.775107e-01,4.528976e-01,3.014674e+00,1.723701e+00,1.385085e-01,1.172371e+00,2.928560e+00,
5.856668e-01,3.556488e+00,7.758417e-02,6.331738e+00,2.379810e-01,4.978586e-01,1.235043e+00,2.728183e+00,1.320927e+00,7.691362e+00,2.751048e-01,8.148274e+00,1.351238e+00,5.774293e-01,4.527223e-01,3.011555e+00,1.722800e+00,1.383906e-01,1.172008e+00,2.940671e+00,
5.830358e-01,3.609453e+00,7.711872e-02,6.407679e+00,2.378349e-01,4.977553e-01,1.233729e+00,2.779304e+00,1.325835e+00,7.727077e+00,2.751461e-01,8.255326e+00,1.351095e+00,5.772659e-01,4.525441e-01,3.008290e+00,1.722065e+00,1.383079e-01,1.171630e+00,2.950320e+00,
5.806425e-01,3.663390e+00,7.674012e-02,6.482136e+00,2.373037e-01,4.976546e-01,1.232566e+00,2.829504e+00,1.330359e+00,7.760839e+00,2.751550e-01,8.364354e+00,1.350888e+00,5.770848e-01,4.523657e-01,3.004966e+00,1.721600e+00,1.382640e-01,1.171240e+00,2.957857e+00,
5.785428e-01,3.718918e+00,7.635289e-02,6.555285e+00,2.365637e-01,4.975024e-01,1.231577e+00,2.879303e+00,1.334525e+00,7.792547e+00,2.751633e-01,8.475721e+00,1.350613e+00,5.768141e-01,4.521803e-01,3.001655e+00,1.721404e+00,1.382475e-01,1.170868e+00,2.963476e+00,
5.766035e-01,3.775876e+00,7.601506e-02,6.627120e+00,2.355594e-01,4.973730e-01,1.230692e+00,2.929051e+00,1.338177e+00,7.822750e+00,2.751841e-01,8.589686e+00,1.350325e+00,5.764391e-01,4.520039e-01,2.998293e+00,1.721316e+00,1.382310e-01,1.170416e+00,2.967627e+00,
5.749084e-01,3.834697e+00,7.567760e-02,6.698063e+00,2.343020e-01,4.972045e-01,1.229867e+00,2.979202e+00,1.341170e+00,7.851166e+00,2.751936e-01,8.706399e+00,1.350040e+00,5.760009e-01,4.518490e-01,2.994923e+00,1.721398e+00,1.382567e-01,1.169929e+00,2.970473e+00,
5.733536e-01,3.895733e+00,7.539779e-02,6.768424e+00,2.327827e-01,4.970500e-01,1.229181e+00,3.029852e+00,1.343708e+00,7.878716e+00,2.752070e-01,8.826112e+00,1.349619e+00,5.754771e-01,4.517102e-01,2.991471e+00,1.721808e+00,1.383061e-01,1.169340e+00,2.972366e+00,
5.720387e-01,3.959131e+00,7.510543e-02,6.837993e+00,2.310122e-01,4.968782e-01,1.228531e+00,3.081552e+00,1.345524e+00,7.905065e+00,2.752268e-01,8.948767e+00,1.349219e+00,5.749148e-01,4.515522e-01,2.988119e+00,1.722202e+00,1.383460e-01,1.168829e+00,2.973402e+00,
5.708430e-01,4.025270e+00,7.483849e-02,6.907696e+00,2.290149e-01,4.967015e-01,1.228028e+00,3.134590e+00,1.346948e+00,7.930731e+00,2.752595e-01,9.074439e+00,1.348841e+00,5.742842e-01,4.514184e-01,2.984951e+00,1.722766e+00,1.384347e-01,1.168344e+00,2.973792e+00,
5.698234e-01,4.094025e+00,7.454816e-02,6.977252e+00,2.267475e-01,4.965491e-01,1.227556e+00,3.188961e+00,1.347806e+00,7.955741e+00,2.753053e-01,9.203156e+00,1.348355e+00,5.736651e-01,4.512893e-01,2.981790e+00,1.723372e+00,1.385425e-01,1.167781e+00,2.973744e+00,
5.688605e-01,4.166048e+00,7.425836e-02,7.047404e+00,2.243141e-01,4.963927e-01,1.227197e+00,3.244984e+00,1.348292e+00,7.980503e+00,2.753515e-01,9.334635e+00,1.347901e+00,5.730631e-01,4.511295e-01,2.978933e+00,1.724049e+00,1.386991e-01,1.167178e+00,2.973278e+00,
5.679834e-01,4.241260e+00,7.397666e-02,7.117318e+00,2.217496e-01,4.962862e-01,1.226817e+00,3.302605e+00,1.348338e+00,8.004819e+00,2.753935e-01,9.468571e+00,1.347336e+00,5.723563e-01,4.509545e-01,2.976259e+00,1.724792e+00,1.389216e-01,1.166655e+00,2.972530e+00,
5.671500e-01,4.319678e+00,7.367779e-02,7.188066e+00,2.190813e-01,4.961619e-01,1.226592e+00,3.361865e+00,1.348060e+00,8.029260e+00,2.754074e-01,9.604999e+00,1.346933e+00,5.716246e-01,4.507408e-01,2.973868e+00,1.725551e+00,1.391618e-01,1.166206e+00,2.971687e+00,
5.663606e-01,4.401629e+00,7.339530e-02,7.258282e+00,2.163852e-01,4.959483e-01,1.226459e+00,3.422270e+00,1.347483e+00,8.053734e+00,2.753929e-01,9.743593e+00,1.346418e+00,5.710515e-01,4.505466e-01,2.971938e+00,1.726307e+00,1.394595e-01,1.165812e+00,2.970557e+00,
5.655864e-01,4.487034e+00,7.315825e-02,7.328423e+00,2.137645e-01,4.957583e-01,1.226264e+00,3.483656e+00,1.346619e+00,8.078299e+00,2.753675e-01,9.883900e+00,1.345823e+00,5.703644e-01,4.503546e-01,2.970313e+00,1.727093e+00,1.397974e-01,1.165442e+00,2.969485e+00,
5.647891e-01,4.576293e+00,7.292670e-02,7.398363e+00,2.112619e-01,4.955491e-01,1.226143e+00,3.545810e+00,1.345539e+00,8.103337e+00,2.753454e-01,1.002560e+01,1.345217e+00,5.696653e-01,4.501681e-01,2.969302e+00,1.727819e+00,1.401594e-01,1.165150e+00,2.968267e+00,
5.640185e-01,4.668934e+00,7.276389e-02,7.467985e+00,2.088590e-01,4.953005e-01,1.226060e+00,3.608156e+00,1.344215e+00,8.128663e+00,2.753177e-01,1.016851e+01,1.344520e+00,5.689855e-01,4.499847e-01,2.968776e+00,1.728595e+00,1.405205e-01,1.164944e+00,2.967221e+00,
5.631637e-01,4.765466e+00,7.258513e-02,7.536895e+00,2.065729e-01,4.950301e-01,1.225952e+00,3.669993e+00,1.342704e+00,8.154082e+00,2.752894e-01,1.031219e+01,1.343839e+00,5.683930e-01,4.497830e-01,2.968991e+00,1.729253e+00,1.408768e-01,1.164901e+00,2.966271e+00,
5.622746e-01,4.865510e+00,7.240935e-02,7.605120e+00,2.043713e-01,4.947716e-01,1.225945e+00,3.730811e+00,1.341076e+00,8.179547e+00,2.752484e-01,1.045608e+01,1.343111e+00,5.678184e-01,4.495513e-01,2.970073e+00,1.729911e+00,1.411930e-01,1.164904e+00,2.965278e+00,
5.613574e-01,4.968991e+00,7.222248e-02,7.672748e+00,2.024199e-01,4.945488e-01,1.225919e+00,3.790405e+00,1.339399e+00,8.205399e+00,2.752151e-01,1.059983e+01,1.342444e+00,5.672647e-01,4.493569e-01,2.972068e+00,1.730476e+00,1.414733e-01,1.165003e+00,2.964361e+00,
5.604497e-01,5.075709e+00,7.204558e-02,7.739330e+00,2.005926e-01,4.942676e-01,1.225847e+00,3.847967e+00,1.337642e+00,8.231371e+00,2.751930e-01,1.074298e+01,1.341652e+00,5.667865e-01,4.491812e-01,2.975029e+00,1.731021e+00,1.416748e-01,1.165187e+00,2.963470e+00,
5.595047e-01,5.185641e+00,7.188676e-02,7.805849e+00,1.989073e-01,4.939984e-01,1.225811e+00,3.903218e+00,1.335899e+00,8.257403e+00,2.751532e-01,1.088502e+01,1.341045e+00,5.664130e-01,4.489817e-01,2.979219e+00,1.731550e+00,1.418295e-01,1.165466e+00,2.962723e+00,
5.585948e-01,5.298172e+00,7.170027e-02,7.872178e+00,1.973681e-01,4.937465e-01,1.225837e+00,3.955839e+00,1.334172e+00,8.283376e+00,2.750827e-01,1.102543e+01,1.340265e+00,5.659957e-01,4.487447e-01,2.984869e+00,1.732011e+00,1.418865e-01,1.165763e+00,2.962039e+00,
5.577246e-01,5.412869e+00,7.152905e-02,7.938834e+00,1.960141e-01,4.934757e-01,1.225868e+00,4.005101e+00,1.332384e+00,8.309185e+00,2.749996e-01,1.116379e+01,1.339486e+00,5.657150e-01,4.485463e-01,2.992053e+00,1.732582e+00,1.418234e-01,1.166067e+00,2.961491e+00,
5.568593e-01,5.529418e+00,7.139544e-02,8.006412e+00,1.947518e-01,4.931608e-01,1.225837e+00,4.051441e+00,1.330649e+00,8.334675e+00,2.749040e-01,1.129973e+01,1.338655e+00,5.654515e-01,4.483438e-01,3.000878e+00,1.733175e+00,1.417269e-01,1.166306e+00,2.960943e+00,
5.559648e-01,5.646874e+00,7.126018e-02,8.075361e+00,1.936100e-01,4.928507e-01,1.225834e+00,4.094232e+00,1.328937e+00,8.359571e+00,2.748132e-01,1.143295e+01,1.337834e+00,5.652894e-01,4.481359e-01,3.011573e+00,1.733804e+00,1.415343e-01,1.166556e+00,2.960487e+00,
5.550841e-01,5.764987e+00,7.119147e-02,8.146161e+00,1.925824e-01,4.925691e-01,1.225924e+00,4.133431e+00,1.327200e+00,8.383370e+00,2.747234e-01,1.156291e+01,1.336942e+00,5.651355e-01,4.479364e-01,3.024549e+00,1.734562e+00,1.412476e-01,1.166478e+00,2.960041e+00,
5.543376e-01,5.883152e+00,7.119065e-02,8.219603e+00,1.930928e-01,4.923309e-01,1.225970e+00,4.169273e+00,1.325475e+00,8.406597e+00,2.746365e-01,1.168941e+01,1.336239e+00,5.650003e-01,4.477391e-01,3.039865e+00,1.735386e+00,1.408543e-01,1.166451e+00,2.959649e+00,
5.535359e-01,6.000224e+00,8.176389e-02,8.296001e+00,2.232250e-01,4.920734e-01,1.225986e+00,4.201560e+00,1.323710e+00,8.428825e+00,2.745734e-01,1.181238e+01,1.335418e+00,5.648744e-01,4.475186e-01,3.057584e+00,1.736313e+00,1.403927e-01,1.166227e+00,2.959434e+00,
5.527130e-01,6.115802e+00,1.474917e-01,8.375617e+00,7.229696e-01,4.918002e-01,1.225955e+00,4.230494e+00,1.321972e+00,8.451844e+00,2.745175e-01,1.193164e+01,1.334751e+00,5.647967e-01,4.472812e-01,3.077934e+00,1.737339e+00,1.398539e-01,1.165896e+00,2.959195e+00,
5.519895e-01,6.233492e+00,3.041631e-01,8.460539e+00,4.351052e+00,4.969451e-01,1.231367e+00,4.258756e+00,1.320196e+00,8.475412e+00,2.750396e-01,1.204884e+01,1.333997e+00,5.648078e-01,4.510471e-01,3.101026e+00,1.738474e+00,1.392659e-01,1.165418e+00,2.959050e+00,
5.512204e-01,6.355999e+00,5.115425e-01,8.560031e+00,1.360502e+01,5.186951e-01,1.286266e+00,4.301033e+00,1.320828e+00,8.504213e+00,2.794638e-01,1.216340e+01,1.333226e+00,5.649940e-01,4.568847e-01,3.126893e+00,1.741229e+00,1.387221e-01,1.178452e+00,2.959013e+00,
5.538944e-01,6.472085e+00,7.435820e-01,8.676991e+00,2.297374e+01,5.503626e-01,1.860763e+00,4.349605e+00,1.325545e+00,8.537615e+00,2.865240e-01,1.227473e+01,1.333314e+00,5.686724e-01,4.604204e-01,3.159032e+00,1.747361e+00,1.412704e-01,1.196806e+00,2.963884e+00,
5.577567e-01,6.575736e+00,1.068563e+00,8.808805e+00,3.314229e+01,6.031525e-01,2.505223e+00,4.380842e+00,1.329964e+00,8.577285e+00,2.950086e-01,1.238397e+01,1.337551e+00,5.745478e-01,4.638159e-01,3.197580e+00,1.754249e+00,1.423253e-01,1.220811e+00,2.975863e+00,
5.610980e-01,6.679555e+00,1.507681e+00,8.933935e+00,5.148187e+01,6.644557e-01,2.625690e+00,4.403530e+00,1.334196e+00,8.621479e+00,3.012032e-01,1.249103e+01,1.342741e+00,5.801060e-01,4.686497e-01,3.242350e+00,1.760833e+00,1.436790e-01,1.241084e+00,2.989878e+00,
5.628625e-01,6.782966e+00,1.870933e+00,9.049435e+00,7.934171e+01,7.156931e-01,2.620070e+00,4.420660e+00,1.338937e+00,8.667506e+00,3.050943e-01,1.259614e+01,1.347934e+00,5.859104e-01,4.745101e-01,3.295733e+00,1.766281e+00,1.468343e-01,1.257322e+00,3.014394e+00,
5.642832e-01,6.883005e+00,2.028215e+00,9.165780e+00,9.110084e+01,7.613770e-01,2.628701e+00,4.431643e+00,1.343342e+00,8.713284e+00,3.078199e-01,1.269990e+01,1.356218e+00,5.923932e-01,4.804690e-01,3.357345e+00,1.770858e+00,1.528216e-01,1.271160e+00,3.048775e+00,
5.668982e-01,6.977757e+00,1.982988e+00,9.290993e+00,8.448504e+01,8.371727e-01,2.676810e+00,4.438109e+00,1.346776e+00,8.757044e+00,3.101211e-01,1.280323e+01,1.364841e+00,5.991391e-01,4.859544e-01,3.424628e+00,1.774803e+00,1.627422e-01,1.284080e+00,3.083077e+00,
5.714080e-01,7.072771e+00,1.801504e+00,9.428899e+00,6.989919e+01,1.004208e+00,2.746285e+00,4.442130e+00,1.349664e+00,8.796020e+00,3.125773e-01,1.290922e+01,1.370038e+00,6.057295e-01,4.910390e-01,3.500979e+00,1.778350e+00,1.782339e-01,1.296504e+00,3.109809e+00,
5.777236e-01,7.157911e+00,1.560283e+00,9.582630e+00,5.462237e+01,1.355970e+00,2.788831e+00,4.444919e+00,1.352468e+00,8.828939e+00,3.175332e-01,1.301568e+01,1.371929e+00,6.118923e-01,4.991006e-01,3.588718e+00,1.781932e+00,2.160950e-01,1.308770e+00,3.128499e+00,
5.852109e-01,7.236821e+00,1.315592e+00,9.756727e+00,4.166852e+01,1.921604e+00,2.798186e+00,4.448926e+00,1.355652e+00,8.858036e+00,3.323061e-01,1.312446e+01,1.372423e+00,6.180167e-01,5.068756e-01,3.683302e+00,1.785454e+00,1.961235e+00,1.320765e+00,3.143646e+00,
5.933833e-01,7.557345e+00,1.096485e+00,9.976556e+00,3.161707e+01,2.607519e+00,2.873210e+00,4.461880e+00,1.359936e+00,8.890665e+00,3.666730e-01,1.323934e+01,1.373406e+00,6.247351e-01,5.151001e-01,3.774468e+00,1.788988e+00,1.385675e+01,1.352345e+00,3.157050e+00,
6.019085e-01,7.937971e+00,9.155239e-01,1.033849e+01,2.412405e+01,3.618733e+00,3.340466e+00,4.487045e+00,1.366080e+00,8.928378e+00,4.910175e-01,1.335771e+01,1.375855e+00,6.333577e-01,5.382704e-01,3.861762e+00,1.793712e+00,2.195213e+01,1.411750e+00,3.170820e+00,
6.135518e-01,9.087393e+00,7.697627e-01,1.110474e+01,1.864809e+01,5.269171e+00,4.293067e+00,4.545775e+00,1.375021e+00,8.992243e+00,1.002812e+00,1.348322e+01,1.380116e+00,6.442140e-01,5.944155e-01,3.954197e+00,1.799425e+00,2.247824e+01,1.520050e+00,3.185633e+00,
6.261911e-01,1.056348e+01,6.554551e-01,1.238803e+01,1.463490e+01,7.511773e+00,5.693770e+00,4.753748e+00,1.387310e+00,9.081703e+00,2.279526e+00,1.360895e+01,1.386870e+00,6.571223e-01,6.424770e-01,4.071402e+00,1.806881e+00,2.042247e+01,2.023006e+00,3.200574e+00,
6.404982e-01,1.267877e+01,5.885820e-01,1.361983e+01,1.189750e+01,1.096227e+01,7.870968e+00,5.034125e+00,1.403397e+00,9.210257e+00,3.554797e+00,1.373967e+01,1.396651e+00,6.724389e-01,6.815405e-01,4.234529e+00,1.814583e+00,1.782086e+01,4.653631e+00,3.217753e+00,
6.539620e-01,1.622772e+01,5.478424e-01,1.441896e+01,1.027554e+01,1.571502e+01,1.031804e+01,5.128649e+00,1.421299e+00,9.373092e+00,4.259670e+00,1.387553e+01,1.407857e+00,6.869222e-01,7.303471e-01,4.461884e+00,1.822500e+00,1.526935e+01,9.362820e+00,3.236215e+00,
6.670296e-01,2.011294e+01,5.222492e-01,1.487659e+01,9.060331e+00,2.052729e+01,1.319150e+01,5.133368e+00,1.440774e+00,9.547716e+00,4.456060e+00,1.401777e+01,1.420128e+00,7.014892e-01,7.811713e-01,4.781526e+00,1.830541e+00,1.296707e+01,1.374277e+01,3.257299e+00,
6.814173e-01,2.364210e+01,4.909843e-01,1.549667e+01,8.287814e+00,2.342743e+01,1.526403e+01,5.125273e+00,1.461153e+00,9.715485e+00,4.459482e+00,1.416921e+01,1.433765e+00,7.170135e-01,8.235697e-01,5.253309e+00,1.838230e+00,1.096705e+01,1.657113e+01,3.280187e+00,
6.984571e-01,2.645038e+01,4.564797e-01,1.654671e+01,7.758410e+00,2.313750e+01,1.607835e+01,5.123371e+00,1.481034e+00,9.867256e+00,4.578875e+00,1.433410e+01,1.447250e+00,7.327276e-01,8.599633e-01,5.838319e+00,1.845694e+00,9.268224e+00,1.764763e+01,3.304156e+00,
7.181197e-01,2.834262e+01,4.247540e-01,1.821307e+01,7.259505e+00,2.041609e+01,1.594670e+01,5.136907e+00,1.499243e+00,1.000089e+01,4.832370e+00,1.451573e+01,1.459017e+00,7.487160e-01,9.028607e-01,6.364956e+00,1.852657e+00,7.845733e+00,1.696104e+01,3.328209e+00,
7.395609e-01,2.976968e+01,3.976123e-01,2.070248e+01,6.690760e+00,1.686635e+01,1.502965e+01,5.167236e+00,1.515239e+00,1.011982e+01,5.067267e+00,1.471706e+01,1.469294e+00,7.650366e-01,9.651188e-01,6.682588e+00,1.858652e+00,6.664539e+00,1.525407e+01,3.351650e+00,
7.618357e-01,3.140973e+01,3.746424e-01,2.395672e+01,6.045447e+00,1.353346e+01,1.354081e+01,5.217056e+00,1.528601e+00,1.023164e+01,5.222126e+00,1.493835e+01,1.478841e+00,7.827490e-01,1.055335e+00,6.770654e+00,1.863944e+00,5.687340e+00,1.338906e+01,3.374819e+00,
7.837546e-01,3.389649e+01,3.543050e-01,2.748753e+01,5.381001e+00,1.078751e+01,1.186920e+01,5.310067e+00,1.539589e+00,1.034383e+01,5.375550e+00,1.517666e+01,1.488173e+00,8.024963e-01,1.183520e+00,6.728007e+00,1.868542e+00,4.880156e+00,1.182658e+01,3.397035e+00,
8.044268e-01,3.799701e+01,3.349749e-01,3.077369e+01,4.751697e+00,8.651381e+00,1.035411e+01,5.525955e+00,1.548467e+00,1.046293e+01,5.653829e+00,1.542724e+01,1.497776e+00,8.247487e-01,1.380681e+00,6.674959e+00,1.872854e+00,4.214133e+00,1.068436e+01,3.418111e+00,
8.232250e-01,4.398796e+01,3.156073e-01,3.366947e+01,4.183338e+00,7.033322e+00,9.180141e+00,6.046532e+00,1.555570e+00,1.059238e+01,6.118267e+00,1.568455e+01,1.507909e+00,8.493038e-01,1.744703e+00,6.687834e+00,1.877091e+00,3.665830e+00,9.910076e+00,3.437252e+00,
8.400221e-01,5.042569e+01,2.957949e-01,3.622396e+01,3.682706e+00,5.825451e+00,8.404123e+00,7.118346e+00,1.561390e+00,1.073285e+01,6.674898e+00,1.594416e+01,1.518656e+00,8.751320e-01,2.483686e+00,6.789943e+00,1.881262e+00,3.215711e+00,9.387119e+00,3.454317e+00,
8.546600e-01,5.491254e+01,2.758170e-01,3.834133e+01,3.247067e+00,4.939447e+00,8.000628e+00,8.835336e+00,1.566363e+00,1.088220e+01,7.116172e+00,1.620302e+01,1.530174e+00,9.006760e-01,3.796229e+00,6.959360e+00,1.885421e+00,2.848603e+00,8.990990e+00,3.469494e+00,
8.671076e-01,5.626391e+01,2.563399e-01,3.981195e+01,2.870097e+00,4.314858e+00,7.896252e+00,1.097926e+01,1.571213e+00,1.103769e+01,7.287732e+00,1.646051e+01,1.542443e+00,9.240736e-01,5.545516e+00,7.145375e+00,1.889096e+00,2.553085e+00,8.615644e+00,3.483126e+00,
8.774061e-01,5.493904e+01,2.378714e-01,4.055814e+01,2.543904e+00,3.916379e+00,8.030986e+00,1.319903e+01,1.579012e+00,1.119719e+01,7.181704e+00,1.671719e+01,1.555388e+00,9.437923e-01,7.279433e+00,7.293185e+00,1.892562e+00,2.321119e+00,8.194026e+00,3.495577e+00,
8.853769e-01,5.202696e+01,2.207877e-01,4.072063e+01,2.260209e+00,3.724754e+00,8.427445e+00,1.527000e+01,1.608199e+00,1.136043e+01,6.890013e+00,1.697446e+01,1.568926e+00,9.586452e-01,8.669677e+00,7.366922e+00,1.895542e+00,2.147996e+00,7.707295e+00,3.507788e+00,
8.909272e-01,4.849449e+01,2.053735e-01,4.056756e+01,2.012065e+00,3.720390e+00,9.195474e+00,1.718141e+01,1.753547e+00,1.152771e+01,6.519485e+00,1.723393e+01,1.582859e+00,9.682643e-01,9.673162e+00,7.358085e+00,1.898251e+00,2.030351e+00,7.173303e+00,3.520407e+00,
8.940389e-01,4.497886e+01,1.916119e-01,4.038163e+01,1.793977e+00,3.866018e+00,1.041462e+01,1.910284e+01,2.395326e+00,1.170065e+01,6.145442e+00,1.749750e+01,1.597807e+00,9.728903e-01,1.037455e+01,7.281263e+00,1.900812e+00,1.962722e+00,6.624689e+00,3.534251e+00,
8.958546e-01,4.182101e+01,1.795598e-01,4.043533e+01,1.601966e+00,4.102866e+00,1.199219e+01,2.126374e+01,4.363299e+00,1.187986e+01,5.802480e+00,1.776759e+01,1.613301e+00,9.732493e-01,1.085201e+01,7.161741e+00,1.903401e+00,1.934102e+00,6.091835e+00,3.549699e+00,
8.963811e-01,3.916569e+01,1.690139e-01,4.104322e+01,1.432899e+00,4.368124e+00,1.369391e+01,2.377233e+01,7.774820e+00,1.206549e+01,5.493571e+00,1.804785e+01,1.628754e+00,9.705899e-01,1.115959e+01,7.026324e+00,1.905988e+00,1.925522e+00,5.595529e+00,3.566893e+00,
8.952938e-01,3.702919e+01,1.598837e-01,4.259693e+01,1.284373e+00,4.620795e+00,1.531449e+01,2.646506e+01,1.109081e+01,1.225698e+01,5.206212e+00,1.834389e+01,1.644630e+00,9.662308e-01,1.134877e+01,6.896014e+00,1.908711e+00,1.914232e+00,5.146599e+00,3.585976e+00,
8.926523e-01,3.534550e+01,1.520389e-01,4.548851e+01,1.154281e+00,4.856046e+00,1.674127e+01,2.897557e+01,1.310551e+01,1.245271e+01,4.924620e+00,1.866368e+01,1.660643e+00,9.615327e-01,1.147160e+01,6.783356e+00,1.911214e+00,1.881656e+00,4.747408e+00,3.606930e+00,
8.896338e-01,3.402812e+01,1.453185e-01,4.990717e+01,1.040776e+00,5.104548e+00,1.791284e+01,3.097361e+01,1.382968e+01,1.265154e+01,4.639048e+00,1.901851e+01,1.676108e+00,9.577429e-01,1.156149e+01,6.694332e+00,1.913897e+00,1.819618e+00,4.396493e+00,3.628732e+00,
8.872306e-01,3.300199e+01,1.395518e-01,5.561718e+01,9.419378e-01,5.416791e+00,1.879642e+01,3.236198e+01,1.372414e+01,1.285186e+01,4.347374e+00,1.942503e+01,1.691173e+00,9.556464e-01,1.161392e+01,6.630002e+00,1.916480e+00,1.730176e+00,4.089591e+00,3.650743e+00,
8.855374e-01,3.224867e+01,1.346270e-01,6.197286e+01,8.560401e-01,5.832795e+00,1.939077e+01,3.326846e+01,1.318475e+01,1.305264e+01,4.053281e+00,1.990843e+01,1.706321e+00,9.559956e-01,1.159278e+01,6.590180e+00,1.918696e+00,1.621309e+00,3.822369e+00,3.672506e+00,
8.844941e-01,3.182770e+01,1.305084e-01,6.823387e+01,7.815503e-01,6.342601e+00,1.972876e+01,3.394424e+01,1.245392e+01,1.325374e+01,3.763497e+00,2.050655e+01,1.722063e+00,9.589840e-01,1.145717e+01,6.576368e+00,1.920775e+00,1.502245e+00,3.589255e+00,3.692882e+00,
8.837246e-01,3.187551e+01,1.269798e-01,7.392435e+01,7.169012e-01,6.870348e+00,1.986167e+01,3.462497e+01,1.166172e+01,1.345401e+01,3.484921e+00,2.127451e+01,1.738509e+00,9.644738e-01,1.118498e+01,6.594948e+00,1.922590e+00,1.380999e+00,3.386484e+00,3.711477e+00,
8.828347e-01,3.257308e+01,1.240241e-01,7.891924e+01,6.608714e-01,7.309825e+00,1.984029e+01,3.540786e+01,1.087476e+01,1.365200e+01,3.223677e+00,2.228563e+01,1.755931e+00,9.718330e-01,1.078272e+01,6.658777e+00,1.924276e+00,1.263177e+00,3.209847e+00,3.727655e+00,
8.818145e-01,3.405736e+01,1.214878e-01,8.327434e+01,6.122865e-01,7.582873e+00,1.970483e+01,3.620512e+01,1.012454e+01,1.384535e+01,2.984306e+00,2.363026e+01,1.774704e+00,9.802366e-01,1.027717e+01,6.784776e+00,1.925921e+00,1.152153e+00,3.056136e+00,3.740886e+00,
8.809795e-01,3.629389e+01,1.193018e-01,8.707421e+01,5.700082e-01,7.670195e+00,1.948090e+01,3.680669e+01,9.425514e+00,1.403038e+01,2.769579e+00,2.540387e+01,1.794691e+00,9.887704e-01,9.704133e+00,6.984338e+00,1.927719e+00,1.049676e+00,2.922261e+00,3.751097e+00,
8.806036e-01,3.900367e+01,1.174216e-01,9.036122e+01,5.333890e-01,7.597970e+00,1.917599e+01,3.700976e+01,8.783852e+00,1.420231e+01,2.581384e+00,2.769152e+01,1.815700e+00,9.964530e-01,9.097082e+00,7.251301e+00,1.929843e+00,9.564500e-01,2.805994e+00,3.758232e+00,
8.809608e-01,4.172505e+01,1.158369e-01,9.314452e+01,5.015309e-01,7.411741e+00,1.879007e+01,3.672511e+01,8.201139e+00,1.435616e+01,2.420422e+00,3.054754e+01,1.837398e+00,1.002457e+00,8.483558e+00,7.554556e+00,1.932277e+00,8.724188e-01,2.704833e+00,3.762089e+00,
8.823416e-01,4.403216e+01,1.144766e-01,9.539358e+01,4.737166e-01,7.156191e+00,1.832036e+01,3.598355e+01,7.676872e+00,1.448673e+01,2.286787e+00,3.397643e+01,1.859452e+00,1.006229e+00,7.883196e+00,7.843434e+00,1.935122e+00,7.971824e-01,2.616906e+00,3.763098e+00,
8.845299e-01,4.568494e+01,1.133181e-01,9.704277e+01,4.494959e-01,6.865814e+00,1.777232e+01,3.488750e+01,7.209954e+00,1.459027e+01,2.179708e+00,3.791669e+01,1.881090e+00,1.007517e+00,7.308254e+00,8.072866e+00,1.938317e+00,7.300755e-01,2.540666e+00,3.761451e+00,
8.873048e-01,4.667329e+01,1.122867e-01,9.805370e+01,4.282915e-01,6.564161e+00,1.716180e+01,3.356165e+01,6.798940e+00,1.466369e+01,2.097679e+00,4.223456e+01,1.901633e+00,1.006052e+00,6.765972e+00,8.217680e+00,1.941897e+00,6.703262e-01,2.474171e+00,3.757185e+00,
8.896916e-01,4.714063e+01,1.113877e-01,9.845718e+01,4.097134e-01,6.265077e+00,1.651797e+01,3.211744e+01,6.441872e+00,1.470624e+01,2.038423e+00,4.672264e+01,1.920777e+00,1.002024e+00,6.260079e+00,8.275133e+00,1.945918e+00,6.171614e-01,2.416374e+00,3.750867e+00,
8.909364e-01,4.730844e+01,1.106267e-01,9.836788e+01,3.934452e-01,5.975576e+00,1.588101e+01,3.064168e+01,6.136472e+00,1.471871e+01,1.998732e+00,5.111818e+01,1.937618e+00,9.955379e-01,5.791790e+00,8.257690e+00,1.950093e+00,5.698701e-01,2.365761e+00,3.742416e+00,
8.902357e-01,4.741452e+01,1.100263e-01,9.793365e+01,3.791138e-01,5.698536e+00,1.530315e+01,2.919398e+01,5.879597e+00,1.470347e+01,1.974457e+00,5.514643e+01,1.952068e+00,9.869735e-01,5.360585e+00,8.183591e+00,1.954332e+00,5.278251e-01,2.321288e+00,3.732055e+00,
8.870439e-01,4.770232e+01,1.094891e-01,9.727559e+01,3.665640e-01,5.434438e+00,1.485098e+01,2.781250e+01,5.666800e+00,1.466325e+01,1.960982e+00,5.856626e+01,1.963753e+00,9.765218e-01,4.964753e+00,8.071591e+00,1.958678e+00,4.904352e-01,2.282126e+00,3.720281e+00,
8.812404e-01,4.843072e+01,1.090176e-01,9.644626e+01,3.555166e-01,5.182365e+00,1.459926e+01,2.651791e+01,5.492687e+00,1.460266e+01,1.953702e+00,6.122062e+01,1.972568e+00,9.645736e-01,4.602308e+00,7.937317e+00,1.962888e+00,4.571508e-01,2.247068e+00,3.707106e+00,
8.729147e-01,4.990543e+01,1.086245e-01,9.543182e+01,3.458402e-01,4.941245e+00,1.461495e+01,2.532219e+01,5.350896e+00,1.452716e+01,1.948467e+00,6.304615e+01,1.978437e+00,9.514463e-01,4.270979e+00,7.791855e+00,1.966800e+00,4.274746e-01,2.215730e+00,3.692814e+00,
8.625122e-01,5.249580e+01,1.082524e-01,9.417815e+01,3.373539e-01,4.710081e+00,1.491910e+01,2.423276e+01,5.234136e+00,1.445020e+01,1.941857e+00,6.406860e+01,1.981455e+00,9.373429e-01,3.968372e+00,7.643208e+00,1.970483e+00,4.009941e-01,2.187297e+00,3.677568e+00,
8.504694e-01,5.657547e+01,1.079028e-01,9.264370e+01,3.298296e-01,4.487851e+00,1.545142e+01,2.324950e+01,5.135436e+00,1.444912e+01,1.931515e+00,6.438332e+01,1.981881e+00,9.225696e-01,3.692139e+00,7.497335e+00,1.973724e+00,3.773332e-01,2.161341e+00,3.661611e+00,
8.373178e-01,6.233733e+01,1.075731e-01,9.080489e+01,3.231857e-01,4.273913e+00,1.607587e+01,2.237665e+01,5.047822e+00,1.493892e+01,1.916214e+00,6.412051e+01,1.979850e+00,9.073409e-01,3.439995e+00,7.356931e+00,1.976851e+00,3.561924e-01,2.137483e+00,3.645047e+00,
8.234797e-01,6.951743e+01,1.073169e-01,8.868371e+01,3.173820e-01,4.067934e+00,1.663815e+01,2.161531e+01,4.965334e+00,1.756648e+01,1.895495e+00,6.342078e+01,1.975797e+00,8.917853e-01,3.209919e+00,7.224994e+00,1.979816e+00,3.372823e-01,2.115105e+00,3.628246e+00,
8.093441e-01,7.728326e+01,1.071166e-01,8.633946e+01,3.122785e-01,3.869979e+00,1.703490e+01,2.097482e+01,4.883366e+00,2.629199e+01,1.869624e+00,6.241806e+01,1.969950e+00,8.761796e-01,2.999790e+00,7.101760e+00,1.982833e+00,3.203515e-01,2.093997e+00,3.611258e+00,
7.954036e-01,8.452248e+01,1.069480e-01,8.385751e+01,3.077891e-01,3.680115e+00,1.723352e+01,2.046222e+01,4.798256e+00,4.390871e+01,1.839152e+00,6.123264e+01,1.962865e+00,8.604562e-01,2.807802e+00,6.988592e+00,1.985985e+00,3.051705e-01,2.073819e+00,3.594291e+00,
7.816073e-01,9.032790e+01,1.068216e-01,8.132396e+01,3.037719e-01,3.498379e+00,1.725190e+01,2.009200e+01,4.707960e+00,6.494125e+01,1.804857e+00,5.996532e+01,1.954648e+00,8.448895e-01,2.632366e+00,6.885936e+00,1.989474e+00,2.915736e-01,2.054202e+00,3.577512e+00,
7.683439e-01,9.427024e+01,1.067075e-01,7.884330e+01,3.003001e-01,3.324938e+00,1.712656e+01,1.987600e+01,4.611208e+00,8.122042e+01,1.767509e+00,5.869808e+01,1.945918e+00,8.294908e-01,2.471862e+00,6.793351e+00,1.993557e+00,2.794072e-01,2.034951e+00,3.561118e+00,
7.556347e-01,9.637078e+01,1.066528e-01,7.649757e+01,2.972933e-01,3.159702e+00,1.689350e+01,1.982068e+01,4.508105e+00,9.028884e+01,1.728002e+00,5.750240e+01,1.937027e+00,8.143598e-01,2.324979e+00,6.710470e+00,1.998213e+00,2.685077e-01,2.015838e+00,3.545053e+00,
7.435649e-01,9.690308e+01,1.066120e-01,7.436084e+01,2.955714e-01,3.002796e+00,1.657926e+01,1.992477e+01,4.398942e+00,9.376229e+01,1.686903e+00,5.643505e+01,1.928460e+00,7.996289e-01,2.190475e+00,6.636861e+00,2.003718e+00,2.587538e-01,1.996656e+00,3.529516e+00,
7.322168e-01,9.623684e+01,1.081434e-01,7.246503e+01,2.983863e-01,2.854230e+00,1.620421e+01,2.016707e+01,4.284472e+00,9.385912e+01,1.644656e+00,5.555190e+01,1.920307e+00,7.852461e-01,2.067180e+00,6.572089e+00,2.010078e+00,2.500577e-01,1.977482e+00,3.514456e+00,
7.217337e-01,9.471527e+01,1.119475e-01,7.080846e+01,3.053000e-01,2.713835e+00,1.578066e+01,2.051255e+01,4.166110e+00,9.216730e+01,1.601832e+00,5.489896e+01,1.913050e+00,7.713119e-01,1.954140e+00,6.514780e+00,2.017530e+00,2.422686e-01,1.958163e+00,3.499978e+00,
7.119713e-01,9.263144e+01,1.177491e-01,6.933781e+01,3.108092e-01,2.581384e+00,1.531962e+01,2.091078e+01,4.045122e+00,8.963258e+01,1.558580e+00,5.451769e+01,1.906983e+00,7.577857e-01,1.850302e+00,6.464867e+00,2.025973e+00,2.353223e-01,1.938608e+00,3.486135e+00,
7.029563e-01,9.020440e+01,1.241654e-01,6.797549e+01,3.182103e-01,2.456711e+00,1.483032e+01,2.130814e+01,3.922760e+00,8.678739e+01,1.515136e+00,5.444395e+01,1.902038e+00,7.447882e-01,1.755029e+00,6.421709e+00,2.035726e+00,2.291742e-01,1.918813e+00,3.472703e+00,
6.946374e-01,8.760336e+01,1.292059e-01,6.665605e+01,3.268874e-01,2.339539e+00,1.432242e+01,2.165841e+01,3.800268e+00,8.392432e+01,1.471733e+00,5.470776e+01,1.898493e+00,7.323756e-01,1.667434e+00,6.383982e+00,2.046702e+00,2.236734e-01,1.898782e+00,3.459765e+00,
6.869831e-01,8.495200e+01,1.333224e-01,6.532530e+01,3.361811e-01,2.229539e+00,1.380453e+01,2.192711e+01,3.678816e+00,8.119554e+01,1.428567e+00,5.536176e+01,1.896099e+00,7.204521e-01,1.586979e+00,6.351369e+00,2.058961e+00,2.188558e-01,1.878764e+00,3.447381e+00,
6.798918e-01,8.233083e+01,1.372939e-01,6.397033e+01,3.463928e-01,2.126405e+00,1.328487e+01,2.209612e+01,3.559355e+00,7.866824e+01,1.385691e+00,5.651431e+01,1.895066e+00,7.091003e-01,1.512947e+00,6.322905e+00,2.072614e+00,2.147030e-01,1.858826e+00,3.435662e+00,
6.732924e-01,7.981345e+01,1.414149e-01,6.259560e+01,3.572168e-01,2.029831e+00,1.277045e+01,2.215751e+01,3.442532e+00,7.635185e+01,1.343204e+00,5.838582e+01,1.895200e+00,6.983239e-01,1.444854e+00,6.297957e+00,2.087604e+00,2.111364e-01,1.838761e+00,3.424335e+00,
6.671513e-01,7.743777e+01,1.453857e-01,6.123085e+01,3.682621e-01,1.939489e+00,1.226611e+01,2.211543e+01,3.328959e+00,7.421341e+01,1.301274e+00,6.135975e+01,1.896423e+00,6.881096e-01,1.382063e+00,6.275372e+00,2.104003e+00,2.081024e-01,1.818852e+00,3.413310e+00,
6.613389e-01,7.525501e+01,1.488971e-01,5.990139e+01,3.801281e-01,1.854965e+00,1.177660e+01,2.197883e+01,3.219095e+00,7.220264e+01,1.260031e+00,6.595235e+01,1.898568e+00,6.785648e-01,1.324252e+00,6.254683e+00,2.121642e+00,2.055021e-01,1.799131e+00,3.402705e+00,
6.558978e-01,7.331017e+01,1.514609e-01,5.863229e+01,3.932395e-01,1.776000e+00,1.130452e+01,2.175804e+01,3.113368e+00,7.026411e+01,1.219660e+00,7.266647e+01,1.901193e+00,6.695965e-01,1.270963e+00,6.235564e+00,2.140332e+00,2.033162e-01,1.779622e+00,3.392771e+00,
6.506235e-01,7.165562e+01,1.527084e-01,5.744899e+01,4.074477e-01,1.702263e+00,1.085199e+01,2.146702e+01,3.011998e+00,6.835081e+01,1.180130e+00,8.173231e+01,1.904430e+00,6.612987e-01,1.221891e+00,6.217263e+00,2.159826e+00,2.014339e-01,1.760572e+00,3.383465e+00,
6.457939e-01,7.035310e+01,1.525666e-01,5.635786e+01,4.220120e-01,1.633323e+00,1.041990e+01,2.111928e+01,2.914852e+00,6.643527e+01,1.141648e+00,9.288512e+01,1.907806e+00,6.536677e-01,1.176672e+00,6.199485e+00,2.179989e+00,1.998569e-01,1.741997e+00,3.374660e+00,
6.410645e-01,6.948043e+01,1.510908e-01,5.536657e+01,4.356051e-01,1.568967e+00,1.000861e+01,2.072802e+01,2.822185e+00,6.449635e+01,1.104247e+00,1.053658e+02,1.911353e+00,6.467174e-01,1.134979e+00,6.182162e+00,2.200389e+00,1.984882e-01,1.723850e+00,3.366348e+00,
6.365900e-01,6.913171e+01,1.486653e-01,5.446119e+01,4.468147e-01,1.508937e+00,9.617750e+00,2.030662e+01,2.733990e+00,6.254366e+01,1.067990e+00,1.181668e+02,1.914863e+00,6.404078e-01,1.096484e+00,6.165123e+00,2.220767e+00,1.973404e-01,1.706425e+00,3.358818e+00,
6.322805e-01,6.941403e+01,1.456200e-01,5.362637e+01,4.643564e-01,1.452942e+00,9.246384e+00,1.986711e+01,2.650107e+00,6.058393e+01,1.033042e+00,1.303472e+02,1.917994e+00,6.345879e-01,1.061026e+00,6.147938e+00,2.240826e+00,1.963389e-01,1.689611e+00,3.351935e+00,
6.281798e-01,7.042857e+01,1.654560e-01,5.283622e+01,4.961227e-01,1.400736e+00,8.893546e+00,1.942050e+01,2.570401e+00,5.863060e+01,9.992887e-01,1.412195e+02,1.920671e+00,6.293600e-01,1.028378e+00,6.130769e+00,2.260355e+00,1.985056e-01,1.673474e+00,3.345813e+00,
6.242320e-01,7.224771e+01,2.232994e-01,5.206319e+01,5.951073e-01,1.352039e+00,8.558183e+00,1.897840e+01,2.508223e+00,5.670378e+01,9.669005e-01,1.503752e+02,1.922826e+00,6.247368e-01,9.982923e-01,6.114397e+00,2.279274e+00,2.114969e-01,1.658090e+00,3.340669e+00,
6.276159e-01,7.488081e+01,3.558797e-01,5.128720e+01,1.014463e+00,1.306551e+00,8.239156e+00,1.855084e+01,2.467372e+00,5.483750e+01,9.357883e-01,1.576437e+02,1.930647e+00,6.639455e-01,9.705555e-01,6.098164e+00,2.298732e+00,2.296664e-01,1.643378e+00,3.338280e+00,
6.460741e-01,7.824436e+01,5.476083e-01,5.049294e+01,1.901355e+00,1.264499e+00,7.935374e+00,1.814664e+01,2.444845e+00,5.301824e+01,9.059935e-01,1.630032e+02,1.938062e+00,7.232841e-01,9.450197e-01,6.082410e+00,2.326767e+00,2.487760e-01,1.637162e+00,3.336511e+00,
6.659795e-01,8.213698e+01,9.642689e-01,4.967333e+01,4.893356e+00,1.224801e+00,7.645883e+00,1.777672e+01,2.441216e+00,5.128619e+01,8.775628e-01,1.665526e+02,1.947942e+00,7.950290e-01,9.215409e-01,6.067399e+00,2.358061e+00,2.799375e-01,1.636096e+00,3.355222e+00,
6.788305e-01,8.627722e+01,1.716808e+00,4.882724e+01,1.513271e+01,1.187882e+00,7.369962e+00,1.745072e+01,2.450045e+00,4.962453e+01,8.503846e-01,1.684701e+02,1.962972e+00,8.913854e-01,8.998405e-01,6.053358e+00,2.390084e+00,3.122726e-01,1.644422e+00,3.379257e+00,
7.123716e-01,9.035424e+01,2.577639e+00,4.795888e+01,2.893624e+01,1.153465e+00,7.106703e+00,1.718217e+01,2.464780e+00,4.802485e+01,8.244730e-01,1.689856e+02,2.004101e+00,1.008378e+00,8.799116e-01,6.040193e+00,2.421121e+00,3.453444e-01,1.659136e+00,3.419591e+00,
7.904529e-01,9.409544e+01,3.112896e+00,4.707779e+01,3.794904e+01,1.121450e+00,6.855410e+00,1.699194e+01,2.483688e+00,4.648873e+01,7.997974e-01,1.683452e+02,2.581675e+00,1.145329e+00,8.616436e-01,6.027865e+00,2.448124e+00,3.793726e-01,1.673734e+00,3.470483e+00,
9.099494e-01,9.731667e+01,3.315073e+00,4.619485e+01,3.924257e+01,1.091712e+00,6.615643e+00,1.691401e+01,2.515896e+00,4.502006e+01,7.763022e-01,1.667892e+02,4.352769e+00,1.310195e+00,8.447738e-01,6.016854e+00,2.470704e+00,4.194920e-01,1.687672e+00,3.513098e+00,
1.112754e+00,9.991171e+01,3.663422e+00,4.532167e+01,3.935094e+01,1.064060e+00,6.386787e+00,1.701332e+01,2.607443e+00,4.361560e+01,7.540177e-01,1.645461e+02,7.949159e+00,1.651542e+00,8.293692e-01,6.007256e+00,2.489190e+00,6.784738e-01,1.702836e+00,3.541112e+00,
1.817943e+00,1.018606e+02,4.642475e+00,4.446889e+01,4.330145e+01,1.038320e+00,6.168410e+00,1.741071e+01,2.867365e+00,4.229742e+01,7.327964e-01,1.618093e+02,1.594107e+01,2.917836e+00,8.153052e-01,5.998160e+00,2.542394e+00,1.101740e+00,1.721198e+00,3.569876e+00,
3.956934e+00,1.035189e+02,6.140206e+00,4.366538e+01,4.825865e+01,1.117089e+00,5.990589e+00,1.838670e+01,3.394887e+00,4.109953e+01,7.133411e-01,1.587524e+02,2.824506e+01,6.428570e+00,8.131024e-01,5.990578e+00,2.631709e+00,1.716982e+00,1.752136e+00,3.619588e+00,
6.803638e+00,1.047588e+02,7.816265e+00,4.294022e+01,5.279221e+01,1.295097e+00,5.857680e+00,2.032847e+01,4.163805e+00,4.009891e+01,7.110428e-01,1.554935e+02,6.871748e+01,1.239259e+01,8.250669e-01,5.984440e+00,2.725114e+00,2.446336e+00,1.822612e+00,3.728132e+00,
1.140864e+01,1.054146e+02,9.439157e+00,4.230749e+01,5.556576e+01,1.528204e+00,5.821445e+00,2.343249e+01,5.142437e+00,3.927478e+01,7.260284e-01,1.521443e+02,2.270126e+02,2.021448e+01,8.300642e-01,5.981390e+00,2.812072e+00,3.112092e+00,1.932113e+00,3.920114e+00,
2.087589e+01,1.061921e+02,1.029844e+01,4.172955e+01,5.574119e+01,1.734382e+00,5.863860e+00,2.772103e+01,6.442288e+00,3.848955e+01,7.433307e-01,1.487959e+02,3.949639e+02,3.041010e+01,8.453483e-01,5.984118e+00,2.884522e+00,4.357631e+00,2.069210e+00,4.127237e+00,
3.720007e+01,1.072135e+02,1.008907e+01,4.122887e+01,5.340030e+01,1.880922e+00,5.905729e+00,3.282237e+01,8.278287e+00,3.771020e+01,7.683581e-01,1.455420e+02,5.375938e+02,4.078461e+01,8.651456e-01,5.995932e+00,2.945892e+00,8.064677e+00,2.192328e+00,4.288494e+00,
6.175600e+01,1.085005e+02,9.203505e+00,4.081116e+01,4.900941e+01,2.064705e+00,5.932997e+00,3.792572e+01,1.102413e+01,3.697857e+01,8.083068e-01,1.424697e+02,6.877144e+02,4.963795e+01,8.850774e-01,6.013877e+00,3.004928e+00,1.404688e+01,2.292360e+00,4.405352e+00,
9.154583e+01,1.097201e+02,8.132929e+00,4.048273e+01,4.337121e+01,2.402276e+00,5.974677e+00,4.228160e+01,1.513933e+01,3.636703e+01,8.332559e-01,1.396512e+02,8.552504e+02,5.777056e+01,9.047292e-01,6.036979e+00,3.070159e+00,1.840136e+01,2.370518e+00,4.506644e+00,
1.160767e+02,1.102599e+02,7.151958e+00,4.027314e+01,3.717891e+01,3.003011e+00,6.027215e+00,4.552256e+01,2.003740e+01,3.593548e+01,8.296852e-01,1.371497e+02,1.026767e+03,6.623072e+01,9.256095e-01,6.066289e+00,3.153909e+00,2.026455e+01,2.435305e+00,4.617971e+00,
1.311424e+02,1.098063e+02,6.301339e+00,4.020767e+01,3.101977e+01,3.711226e+00,6.063859e+00,4.766475e+01,2.393821e+01,3.569485e+01,8.162473e-01,1.350347e+02,1.120394e+03,7.638358e+01,9.431036e-01,6.101443e+00,3.284330e+00,2.117020e+01,2.493146e+00,4.752708e+00,
1.392425e+02,1.085382e+02,5.530766e+00,4.029744e+01,2.537546e+01,4.123512e+00,6.062300e+00,4.891210e+01,2.602463e+01,3.559071e+01,8.045551e-01,1.333943e+02,1.111145e+03,9.000450e+01,9.636360e-01,6.141220e+00,3.557972e+00,2.203198e+01,2.543957e+00,4.916016e+00,
1.455264e+02,1.067129e+02,4.809118e+00,4.057163e+01,2.052042e+01,4.130098e+00,6.006737e+00,4.950679e+01,2.709014e+01,3.553657e+01,7.937816e-01,1.323339e+02,1.044429e+03,1.096235e+02,9.934394e-01,6.183509e+00,4.239681e+00,2.257096e+01,2.582864e+00,5.107800e+00,
1.516452e+02,1.045390e+02,4.135455e+00,4.110731e+01,1.652048e+01,3.894900e+00,5.899960e+00,4.966486e+01,2.850588e+01,3.546130e+01,7.827914e-01,1.319518e+02,9.599237e+02,1.342798e+02,1.032678e+00,6.225043e+00,5.615168e+00,2.217379e+01,2.605606e+00,5.325161e+00,
1.536051e+02,1.022016e+02,3.521245e+00,4.206409e+01,1.331040e+01,3.579230e+00,5.753335e+00,4.953302e+01,3.116645e+01,3.533788e+01,7.716889e-01,1.322934e+02,8.774205e+02,1.531217e+02,1.078488e+00,6.262337e+00,7.333155e+00,2.076755e+01,2.611950e+00,5.565925e+00,
1.481306e+02,9.982977e+01,2.978460e+00,4.369347e+01,1.076946e+01,3.264651e+00,5.576766e+00,4.919872e+01,3.498731e+01,3.517785e+01,7.601906e-01,1.333228e+02,8.035646e+02,1.576168e+02,1.128247e+00,6.293946e+00,8.567630e+00,1.874061e+01,2.605819e+00,5.830185e+00,
1.364245e+02,9.750846e+01,2.512668e+00,4.627769e+01,8.770911e+00,2.978065e+00,5.381790e+00,4.870963e+01,3.944936e+01,3.501060e+01,7.480364e-01,1.349337e+02,7.363487e+02,1.501361e+02,1.180659e+00,6.318848e+00,9.035716e+00,1.650972e+01,2.592250e+00,6.119786e+00,
1.216768e+02,9.527023e+01,2.122093e+00,4.994532e+01,7.200785e+00,2.724815e+00,5.182755e+00,4.809364e+01,4.437331e+01,3.486108e+01,7.351318e-01,1.370186e+02,6.712051e+02,1.365733e+02,1.235735e+00,6.336629e+00,8.977272e+00,1.434038e+01,2.575784e+00,6.433901e+00,
1.064613e+02,9.312763e+01,1.799911e+00,5.445737e+01,5.964485e+00,2.503376e+00,4.991498e+00,4.738244e+01,4.980118e+01,3.473993e+01,7.215926e-01,1.394786e+02,6.061667e+02,1.211553e+02,1.294661e+00,6.347771e+00,8.698185e+00,1.236003e+01,2.558734e+00,6.764460e+00,
9.220320e+01,9.110059e+01,1.536691e+00,5.919032e+01,4.987162e+00,2.310502e+00,4.815481e+00,4.660062e+01,5.558442e+01,3.464074e+01,7.079028e-01,1.422031e+02,5.426229e+02,1.060805e+02,1.359471e+00,6.352164e+00,8.405255e+00,1.061354e+01,2.541887e+00,7.097529e+00,
7.947971e+01,8.918815e+01,1.322743e+00,6.344097e+01,4.210155e+00,2.142466e+00,4.657917e+00,4.577466e+01,6.145036e+01,3.454398e+01,6.944480e-01,1.450511e+02,4.827795e+02,9.227479e+01,1.433601e+00,6.350051e+00,8.212967e+00,9.104460e+00,2.525642e+00,7.422881e+00,
6.841754e+01,8.739930e+01,1.148931e+00,6.675746e+01,3.588574e+00,1.996074e+00,4.518214e+00,4.492237e+01,6.724094e+01,3.442138e+01,6.816419e-01,1.478618e+02,4.282455e+02,8.005011e+01,1.521138e+00,6.342588e+00,8.177592e+00,7.816036e+00,2.510014e+00,7.752290e+00,
5.893414e+01,8.573248e+01,1.007485e+00,6.903999e+01,3.088017e+00,1.869219e+00,4.395485e+00,4.405438e+01,7.275705e+01,3.425192e+01,6.697125e-01,1.504723e+02,3.796844e+02,6.941444e+01,1.625112e+00,6.329822e+00,8.317299e+00,6.723986e+00,2.495317e+00,8.163474e+00,
5.086363e+01,8.418551e+01,8.918865e-01,7.041180e+01,2.681875e+00,1.760095e+00,4.289035e+00,4.317498e+01,7.748975e+01,3.401816e+01,6.587198e-01,1.527569e+02,3.370921e+02,6.024813e+01,1.745672e+00,6.313459e+00,8.628513e+00,5.801725e+00,2.481173e+00,8.878600e+00,
4.401682e+01,8.275542e+01,7.969894e-01,7.107769e+01,2.350105e+00,1.667238e+00,4.200333e+00,4.228060e+01,8.077739e+01,3.371322e+01,6.487400e-01,1.546397e+02,3.000244e+02,5.238666e+01,1.879741e+00,6.294274e+00,9.108688e+00,5.024229e+00,2.467298e+00,1.035824e+01,
3.821787e+01,8.143057e+01,7.186131e-01,7.123556e+01,2.077219e+00,1.589141e+00,4.133826e+00,4.137189e+01,8.223313e+01,3.333953e+01,6.397529e-01,1.561073e+02,2.679336e+02,4.566303e+01,2.022073e+00,6.272805e+00,9.798429e+00,4.368569e+00,2.452764e+00,1.335055e+01,
3.330948e+01,8.019134e+01,6.535513e-01,7.103753e+01,1.851201e+00,1.524475e+00,4.095319e+00,4.044505e+01,8.193040e+01,3.290889e+01,6.317276e-01,1.571717e+02,2.401873e+02,3.991521e+01,2.167667e+00,6.250309e+00,1.086630e+01,3.815146e+00,2.436502e+00,1.856336e+01,
2.915105e+01,7.901121e+01,6.024336e-01,7.059415e+01,1.663345e+00,1.471941e+00,4.092123e+00,3.950707e+01,8.026306e+01,3.243713e+01,6.245633e-01,1.578676e+02,2.162091e+02,3.499832e+01,2.313111e+00,6.227480e+00,1.285959e+01,3.351018e+00,2.417820e+00,2.521858e+01,
2.562426e+01,7.786198e+01,5.613033e-01,6.998264e+01,1.505732e+00,1.430533e+00,4.130246e+00,3.855854e+01,7.773144e+01,3.194395e+01,6.182022e-01,1.582281e+02,1.955396e+02,3.078780e+01,2.456276e+00,6.205247e+00,1.771539e+01,2.957452e+00,2.396360e+00,3.103362e+01,
2.262727e+01,7.672323e+01,5.326858e-01,6.925201e+01,1.372334e+00,1.399367e+00,4.211354e+00,3.760719e+01,7.477872e+01,3.144909e+01,6.126469e-01,1.582648e+02,1.776953e+02,2.717341e+01,2.595383e+00,6.184654e+00,3.285880e+01,2.625222e+00,2.372267e+00,6.729700e+01,
2.007338e+01,7.559370e+01,5.106658e-01,6.844360e+01,1.259777e+00,1.377736e+00,4.331295e+00,3.666427e+01,7.171592e+01,3.097312e+01,6.078163e-01,1.579776e+02,1.622941e+02,2.406326e+01,2.727030e+00,6.166266e+00,7.944450e+01,2.346527e+00,2.346264e+00,7.457455e+02,
1.789162e+01,7.447704e+01,4.920307e-01,6.757810e+01,1.164436e+00,1.365117e+00,4.479084e+00,3.573100e+01,6.869378e+01,3.052903e+01,6.037905e-01,1.573658e+02,1.490802e+02,2.138331e+01,2.845747e+00,6.151302e+00,1.642201e+02,2.110010e+00,2.318860e+00,1.151559e+03,
1.602091e+01,7.338404e+01,4.769534e-01,6.667619e+01,1.083165e+00,1.361206e+00,4.639060e+00,3.481922e+01,6.571986e+01,3.013028e+01,6.004340e-01,1.564194e+02,1.377808e+02,1.906883e+01,2.946309e+00,6.139940e+00,2.359894e+02,1.906328e+00,2.291252e+00,1.202302e+03,
1.441219e+01,7.233497e+01,4.649611e-01,6.574705e+01,1.013596e+00,1.365757e+00,4.793794e+00,3.393190e+01,6.272540e+01,2.978513e+01,5.977204e-01,1.551563e+02,1.281694e+02,1.706424e+01,3.025236e+00,6.132992e+00,2.704396e+02,1.728763e+00,2.264017e+00,1.170270e+03,
1.302425e+01,7.134486e+01,4.545180e-01,6.479519e+01,9.537897e-01,1.378642e+00,4.929059e+00,3.307582e+01,5.963849e+01,2.949713e+01,5.957860e-01,1.535925e+02,1.200420e+02,1.532358e+01,3.082494e+00,6.132370e+00,2.796191e+02,1.574190e+00,2.237885e+00,1.114293e+03,
1.182194e+01,7.042477e+01,4.441341e-01,6.382238e+01,9.018239e-01,1.399766e+00,5.034683e+00,3.225886e+01,5.642899e+01,2.926587e+01,5.944811e-01,1.517607e+02,1.131082e+02,1.380665e+01,3.122082e+00,6.142241e+00,2.759834e+02,1.439666e+00,2.213654e+00,1.051108e+03,
1.077463e+01,6.957585e+01,4.330344e-01,6.283149e+01,8.563824e-01,1.429312e+00,5.105338e+00,3.148911e+01,5.311705e+01,2.908573e+01,5.938345e-01,1.497104e+02,1.070359e+02,1.248097e+01,3.150204e+00,6.178664e+00,2.660515e+02,1.322250e+00,2.191791e+00,9.872697e+02,
9.857039e+00,6.879237e+01,4.210174e-01,6.182766e+01,8.164887e-01,1.467646e+00,5.140914e+00,3.076976e+01,4.976095e+01,2.894870e+01,5.936859e-01,1.474828e+02,1.014465e+02,1.131911e+01,3.173329e+00,6.275893e+00,2.529046e+02,1.219151e+00,2.172896e+00,9.256022e+02,
9.047937e+00,6.806286e+01,4.087039e-01,6.081846e+01,7.814413e-01,1.515539e+00,5.144161e+00,3.010458e+01,4.643275e+01,2.884317e+01,5.940015e-01,1.451303e+02,9.603879e+01,1.029825e+01,3.195969e+00,6.480160e+00,2.381525e+02,1.128112e+00,2.157508e+00,8.669423e+02,
8.330200e+00,6.738065e+01,3.969560e-01,5.982125e+01,7.505347e-01,1.573714e+00,5.119585e+00,2.949514e+01,4.319543e+01,2.875626e+01,5.945524e-01,1.426957e+02,9.063279e+01,9.399707e+00,3.219451e+00,6.809834e+00,2.227519e+02,1.047485e+00,2.145816e+00,8.115371e+02,
7.690511e+00,6.673647e+01,3.866862e-01,5.885593e+01,7.233566e-01,1.642273e+00,5.073293e+00,2.893886e+01,4.010004e+01,2.867505e+01,5.951959e-01,1.402201e+02,8.516677e+01,8.607355e+00,3.240891e+00,7.217506e+00,2.073740e+02,9.761484e-01,2.138519e+00,7.592368e+02,
7.117448e+00,6.612576e+01,3.788948e-01,5.795232e+01,6.996291e-01,1.720092e+00,5.010573e+00,2.843146e+01,3.717826e+01,2.858649e+01,5.956292e-01,1.377361e+02,7.967880e+01,7.908242e+00,3.255711e+00,7.605023e+00,1.924148e+02,9.132073e-01,2.136149e+00,7.098848e+02,
6.602663e+00,6.555190e+01,3.738921e-01,5.713950e+01,6.788853e-01,1.804393e+00,4.936409e+00,2.796836e+01,3.444764e+01,2.848145e+01,5.956647e-01,1.352744e+02,7.425193e+01,7.290854e+00,3.258259e+00,7.889308e+00,1.781598e+02,8.579748e-01,2.139003e+00,6.632724e+02,
6.138154e+00,6.500592e+01,3.713716e-01,5.644242e+01,6.609267e-01,1.890635e+00,4.855247e+00,2.754241e+01,3.191385e+01,2.835446e+01,5.951689e-01,1.328570e+02,6.896924e+01,6.745218e+00,3.244198e+00,8.042381e+00,1.647545e+02,8.097266e-01,2.147262e+00,6.192994e+02,
5.717887e+00,6.448641e+01,3.702890e-01,5.588018e+01,6.454468e-01,1.973531e+00,4.770308e+00,2.715128e+01,2.957723e+01,2.820143e+01,5.940005e-01,1.305037e+02,6.390205e+01,6.262539e+00,3.211073e+00,8.080750e+00,1.522705e+02,7.678239e-01,2.161179e+00,5.779655e+02,
5.336788e+00,6.398989e+01,3.691625e-01,5.544265e+01,6.320372e-01,2.047544e+00,4.683999e+00,2.679175e+01,2.742783e+01,2.802240e+01,5.921185e-01,1.282285e+02,5.910652e+01,5.835255e+00,3.158664e+00,8.038528e+00,1.407230e+02,7.315652e-01,2.180653e+00,5.392114e+02,
4.990524e+00,6.350014e+01,3.669935e-01,5.510907e+01,6.204281e-01,2.108570e+00,4.598709e+00,2.646369e+01,2.545768e+01,2.782164e+01,5.895426e-01,1.260435e+02,5.461721e+01,5.455569e+00,3.088878e+00,7.947261e+00,1.300850e+02,7.002763e-01,2.205142e+00,5.030029e+02,
4.675430e+00,6.300469e+01,3.631591e-01,5.483473e+01,6.104335e-01,2.154243e+00,4.515448e+00,2.616593e+01,2.365298e+01,2.761156e+01,5.862925e-01,1.239504e+02,5.045245e+01,5.116907e+00,3.004617e+00,7.830416e+00,1.203135e+02,6.732221e-01,2.233902e+00,4.693040e+02,
4.387982e+00,6.249764e+01,3.578018e-01,5.457811e+01,6.016985e-01,2.183936e+00,4.435731e+00,2.590079e+01,2.200204e+01,2.741017e+01,5.825748e-01,1.219604e+02,4.660835e+01,4.812901e+00,2.909438e+00,7.703223e+00,1.113531e+02,6.497350e-01,2.265654e+00,4.379997e+02,
4.125667e+00,6.197431e+01,3.510363e-01,5.429676e+01,5.940028e-01,2.198443e+00,4.360697e+00,2.566726e+01,2.049254e+01,2.725162e+01,5.785303e-01,1.200643e+02,4.307594e+01,4.538017e+00,2.806841e+00,7.575464e+00,1.031394e+02,6.292328e-01,2.299088e+00,4.089872e+02,
3.885889e+00,6.143447e+01,3.434839e-01,5.396410e+01,5.871105e-01,2.199561e+00,4.291507e+00,2.546234e+01,1.911160e+01,2.720164e+01,5.744387e-01,1.182663e+02,3.984221e+01,4.287670e+00,2.700004e+00,7.453021e+00,9.562333e+01,6.112001e-01,2.332213e+00,3.821623e+02,
3.666371e+00,6.089186e+01,3.355966e-01,5.356735e+01,5.808318e-01,2.189564e+00,4.229368e+00,2.528284e+01,1.784852e+01,2.740354e+01,5.705330e-01,1.165553e+02,3.688737e+01,4.057770e+00,2.591499e+00,7.340304e+00,8.874046e+01,5.952117e-01,2.363316e+00,3.573659e+02,
3.465513e+00,6.035873e+01,3.278883e-01,5.310663e+01,5.750636e-01,2.170688e+00,4.175541e+00,2.512246e+01,1.669224e+01,2.820424e+01,5.669703e-01,1.149335e+02,3.419316e+01,3.845838e+00,2.483462e+00,7.241144e+00,8.244067e+01,5.809010e-01,2.390705e+00,3.344897e+02,
3.281632e+00,5.985103e+01,3.205055e-01,5.259311e+01,5.696133e-01,2.145116e+00,4.131236e+00,2.497334e+01,1.563260e+01,3.038696e+01,5.639409e-01,1.133888e+02,3.173540e+01,3.649293e+00,2.377417e+00,7.174396e+00,7.666485e+01,5.680635e-01,2.413222e+00,3.133726e+02,
3.113227e+00,5.939055e+01,3.136723e-01,5.203657e+01,5.644163e-01,2.114733e+00,4.097900e+00,2.482995e+01,1.466161e+01,3.534225e+01,5.617068e-01,1.119185e+02,2.949841e+01,3.467123e+00,2.274610e+00,1.410365e+02,7.137303e+01,5.565040e-01,2.429654e+00,2.939033e+02,
2.959058e+00,5.899974e+01,3.074433e-01,5.145512e+01,5.595297e-01,2.080995e+00,4.076943e+00,2.468544e+01,1.377053e+01,4.445897e+01,5.604118e-01,1.105177e+02,2.745970e+01,3.297753e+00,2.175844e+00,8.684632e+02,6.651875e+01,5.461176e-01,2.439649e+00,2.759592e+02,
2.817961e+00,5.870274e+01,3.018180e-01,5.086242e+01,5.549024e-01,2.045099e+00,4.069625e+00,2.453146e+01,1.295198e+01,5.736423e+01,5.602389e-01,1.091819e+02,2.560258e+01,3.140704e+00,2.081559e+00,9.647340e+02,6.206556e+01,5.367061e-01,2.442851e+00,2.594004e+02,
2.688635e+00,5.853081e+01,2.968851e-01,5.027226e+01,5.506086e-01,2.007834e+00,4.077013e+00,2.436063e+01,1.219965e+01,7.119542e+01,5.612205e-01,1.079068e+02,2.390956e+01,2.995178e+00,1.992044e+00,9.388080e+02,5.797596e+01,5.281323e-01,2.439576e+00,2.441292e+02,
2.570279e+00,5.851135e+01,2.926138e-01,4.969310e+01,5.466232e-01,1.969800e+00,4.099765e+00,2.416524e+01,1.150750e+01,8.275275e+01,5.634482e-01,1.066866e+02,2.236563e+01,2.860824e+00,1.907607e+00,8.974532e+02,5.421445e+01,5.203128e-01,2.430526e+00,2.300346e+02,
2.461952e+00,5.868541e+01,2.888614e-01,4.913558e+01,5.429260e-01,1.931326e+00,4.137959e+00,2.393989e+01,1.087028e+01,9.061598e+01,5.669161e-01,1.055226e+02,2.095753e+01,2.736863e+00,1.828091e+00,8.549240e+02,5.075410e+01,5.131513e-01,2.416478e+00,2.170478e+02,
2.362853e+00,5.909156e+01,2.857093e-01,4.860396e+01,5.395355e-01,1.892571e+00,4.190490e+00,2.368085e+01,1.028314e+01,9.505885e+01,5.715289e-01,1.044090e+02,1.967035e+01,2.623035e+00,1.753573e+00,8.136488e+02,4.756948e+01,5.064613e-01,2.398051e+00,2.050581e+02,
2.272115e+00,5.976401e+01,2.829973e-01,4.810209e+01,5.364578e-01,1.853638e+00,4.255831e+00,2.338917e+01,9.741498e+00,9.704130e+01,5.772262e-01,1.033532e+02,1.849449e+01,2.518798e+00,1.683770e+00,7.740424e+02,4.463329e+01,5.002357e-01,2.376186e+00,1.940040e+02,
2.189111e+00,6.072952e+01,2.807185e-01,4.763060e+01,5.337442e-01,1.814690e+00,4.331131e+00,2.306903e+01,9.241870e+00,9.756477e+01,5.838032e-01,1.023553e+02,1.741886e+01,2.423455e+00,1.618577e+00,7.361891e+02,4.192650e+01,4.944563e-01,2.351881e+00,1.838080e+02,
2.113259e+00,6.199179e+01,2.788199e-01,4.718999e+01,5.311865e-01,1.775670e+00,4.412379e+00,2.272567e+01,8.780560e+00,9.749437e+01,5.910420e-01,1.014402e+02,1.643320e+01,2.336389e+00,1.557832e+00,7.000778e+02,3.942434e+01,4.890109e-01,2.325837e+00,1.744034e+02,
2.043936e+00,6.352826e+01,2.772614e-01,4.677873e+01,5.289244e-01,1.736691e+00,4.495842e+00,2.236358e+01,8.354496e+00,9.759374e+01,5.986801e-01,1.006539e+02,1.553044e+01,2.257068e+00,1.501310e+00,6.656519e+02,3.711347e+01,4.839249e-01,2.298495e+00,1.657353e+02,
1.980554e+00,6.527846e+01,2.760374e-01,4.639111e+01,5.269149e-01,1.697901e+00,4.576814e+00,2.199018e+01,7.960690e+00,9.857213e+01,6.065681e-01,1.000883e+02,1.470153e+01,2.184834e+00,1.448756e+00,6.328663e+02,3.497685e+01,4.792154e-01,2.270680e+00,1.577504e+02,
1.922662e+00,6.715305e+01,2.750116e-01,4.602320e+01,5.250958e-01,1.659282e+00,4.651822e+00,2.161165e+01,7.596691e+00,1.010161e+02,6.144055e-01,9.989921e+01,1.394068e+01,2.119203e+00,1.399997e+00,6.016434e+02,3.299734e+01,4.748569e-01,2.242769e+00,1.503794e+02,
1.869831e+00,6.904015e+01,2.742233e-01,4.566856e+01,5.235003e-01,1.621013e+00,4.718207e+00,2.123237e+01,7.260276e+00,1.051601e+02,6.219385e-01,1.003200e+02,1.324045e+01,2.059579e+00,1.354815e+00,5.720125e+02,3.116400e+01,4.708044e-01,2.215288e+00,1.435790e+02,
1.821675e+00,7.082880e+01,2.736355e-01,4.532014e+01,5.221614e-01,1.583294e+00,4.774090e+00,2.085634e+01,6.949155e+00,1.106827e+02,6.291021e-01,1.016511e+02,1.259568e+01,2.005344e+00,1.312877e+00,5.438625e+02,2.946394e+01,4.671274e-01,2.188312e+00,1.372950e+02,
1.777719e+00,7.242279e+01,2.731524e-01,4.496990e+01,5.208690e-01,1.546266e+00,4.818789e+00,2.048656e+01,6.661397e+00,1.167426e+02,6.356824e-01,1.041958e+02,1.200135e+01,1.956205e+00,1.274128e+00,5.171629e+02,2.788528e+01,4.637540e-01,2.161942e+00,1.314597e+02,
1.737714e+00,7.375229e+01,2.727773e-01,4.461554e+01,5.197545e-01,1.510029e+00,4.852529e+00,2.012506e+01,6.395276e+00,1.223264e+02,6.416761e-01,1.081575e+02,1.145301e+01,1.911539e+00,1.238332e+00,4.918661e+02,2.641910e+01,4.607255e-01,2.136375e+00,1.260266e+02,
1.701236e+00,7.478275e+01,2.725181e-01,4.424967e+01,5.187686e-01,1.474754e+00,4.875623e+00,1.977418e+01,6.149142e+00,1.266658e+02,6.469885e-01,1.135167e+02,1.094621e+01,1.871057e+00,1.205318e+00,4.679301e+02,2.505652e+01,4.580723e-01,2.111647e+00,1.209425e+02,
1.668048e+00,7.550253e+01,2.723490e-01,4.386948e+01,5.178902e-01,1.440631e+00,4.888890e+00,1.943767e+01,5.921474e+00,1.294043e+02,6.515269e-01,1.199740e+02,1.047687e+01,1.834303e+00,1.174827e+00,4.452914e+02,2.378918e+01,4.557182e-01,2.087698e+00,1.161505e+02,
1.637866e+00,7.592554e+01,2.722493e-01,4.347456e+01,5.170774e-01,1.407478e+00,4.892973e+00,1.911503e+01,5.710847e+00,1.305681e+02,6.552986e-01,1.269905e+02,1.004205e+01,1.800891e+00,1.146756e+00,4.238734e+02,2.260769e+01,4.536626e-01,2.064557e+00,1.116086e+02,
1.610432e+00,7.608213e+01,2.722139e-01,4.306335e+01,5.163680e-01,1.375493e+00,4.888202e+00,1.881111e+01,5.516188e+00,1.303785e+02,6.582216e-01,1.339533e+02,9.638229e+00,1.770717e+00,1.120950e+00,4.036541e+02,2.150780e+01,4.518740e-01,2.042009e+00,1.072761e+02,
1.585622e+00,7.600320e+01,2.722374e-01,4.263590e+01,5.157183e-01,1.344750e+00,4.874932e+00,1.852897e+01,5.336104e+00,1.291325e+02,6.602955e-01,1.403437e+02,9.263212e+00,1.743322e+00,1.097309e+00,3.845526e+02,2.048219e+01,4.503268e-01,2.020163e+00,1.031229e+02,
1.563045e+00,7.573380e+01,2.723384e-01,4.219320e+01,5.150933e-01,1.315349e+00,4.853084e+00,1.827168e+01,5.169726e+00,1.271065e+02,6.614721e-01,1.458897e+02,8.914604e+00,1.718476e+00,1.075519e+00,3.665272e+02,1.952455e+01,4.489850e-01,1.998885e+00,9.911984e+01,
1.542663e+00,7.530608e+01,2.723863e-01,4.173771e+01,5.144789e-01,1.287253e+00,4.822919e+00,1.804500e+01,5.015969e+00,1.245495e+02,6.618208e-01,1.505751e+02,8.590403e+00,1.696000e+00,1.055624e+00,3.495040e+02,1.862952e+01,4.478261e-01,1.978112e+00,9.525583e+01,
1.524334e+00,7.475348e+01,2.724847e-01,4.127197e+01,5.139283e-01,1.260447e+00,4.784480e+00,1.785422e+01,4.873974e+00,1.216670e+02,6.612778e-01,1.545912e+02,8.288179e+00,1.675691e+00,1.037432e+00,3.334259e+02,1.779283e+01,4.468152e-01,1.958065e+00,9.151100e+01,
1.507840e+00,7.410928e+01,2.726173e-01,4.079537e+01,5.133958e-01,1.234925e+00,4.737639e+00,1.770515e+01,4.742846e+00,1.187167e+02,6.598539e-01,1.582472e+02,8.006594e+00,1.657258e+00,1.020734e+00,3.182584e+02,1.700907e+01,4.460098e-01,1.938218e+00,8.788272e+01,
1.492992e+00,7.339584e+01,2.727705e-01,4.031470e+01,5.129040e-01,1.210759e+00,4.683138e+00,1.760289e+01,4.621880e+00,1.162376e+02,6.576343e-01,1.618545e+02,7.743913e+00,1.640739e+00,1.005535e+00,3.039476e+02,1.627502e+01,4.452647e-01,1.919079e+00,8.436729e+01,
1.479711e+00,7.263354e+01,2.729435e-01,3.983050e+01,5.123759e-01,1.187883e+00,4.621598e+00,1.755227e+01,4.510249e+00,1.156356e+02,6.546308e-01,1.656416e+02,7.498876e+00,1.625879e+00,9.917018e-01,2.904302e+02,1.558640e+01,4.446634e-01,1.900478e+00,8.096230e+01,
1.467808e+00,7.184342e+01,2.731250e-01,3.934724e+01,5.119000e-01,1.166255e+00,4.553771e+00,1.755593e+01,4.407332e+00,1.201767e+02,6.508749e-01,1.697086e+02,7.270469e+00,1.612564e+00,9.791826e-01,2.776740e+02,1.494013e+01,4.441631e-01,1.882328e+00,7.767051e+01,
1.457146e+00,7.104001e+01,2.732691e-01,3.886606e+01,5.113929e-01,1.145849e+00,4.480955e+00,1.761353e+01,4.312360e+00,1.351760e+02,6.464432e-01,1.740063e+02,7.057324e+00,1.600652e+00,9.677783e-01,2.656292e+02,1.433180e+01,4.437720e-01,1.864774e+00,7.449050e+01,
1.447602e+00,7.023269e+01,2.734189e-01,3.839044e+01,5.108858e-01,1.126632e+00,4.403971e+00,1.772227e+01,4.225011e+00,1.637879e+02,6.413673e-01,1.783757e+02,6.858210e+00,1.590030e+00,9.574495e-01,2.542558e+02,1.375992e+01,4.434530e-01,1.847605e+00,7.143157e+01,
1.439104e+00,6.943459e+01,2.735410e-01,3.792317e+01,5.103377e-01,1.108609e+00,4.324008e+00,1.787434e+01,4.144754e+00,1.999422e+02,6.357532e-01,1.825923e+02,6.673244e+00,1.580624e+00,9.481250e-01,2.435127e+02,1.322101e+01,4.432431e-01,1.831267e+00,6.848415e+01,
1.431669e+00,6.865439e+01,2.736748e-01,3.746831e+01,5.098935e-01,1.091623e+00,4.242202e+00,1.805744e+01,4.071029e+00,2.314112e+02,6.296525e-01,1.864295e+02,6.500319e+00,1.572346e+00,9.397153e-01,2.333633e+02,1.271340e+01,4.430392e-01,1.815304e+00,6.565627e+01,
1.425044e+00,6.789998e+01,2.737926e-01,3.705266e+01,5.094720e-01,1.075731e+00,4.159449e+00,1.825746e+01,4.003261e+00,2.510092e+02,6.231062e-01,1.897074e+02,6.339788e+00,1.565054e+00,9.321336e-01,2.237682e+02,1.223316e+01,4.428748e-01,1.800010e+00,6.294423e+01,
1.419136e+00,6.717888e+01,2.739404e-01,3.745642e+01,5.089151e-01,1.060863e+00,4.076523e+00,1.845825e+01,3.940989e+00,2.591587e+02,6.162534e-01,1.923178e+02,6.190407e+00,1.558789e+00,9.252880e-01,2.147137e+02,1.177939e+01,4.427119e-01,1.785203e+00,6.034665e+01,
1.413899e+00,6.649087e+01,2.741241e-01,5.484787e+01,5.084980e-01,1.046970e+00,3.994583e+00,1.864492e+01,3.884029e+00,2.593967e+02,6.091430e-01,1.942280e+02,6.051550e+00,1.553250e+00,9.191290e-01,2.061571e+02,1.135027e+01,4.425339e-01,1.771031e+00,5.786592e+01,
1.409422e+00,6.583911e+01,2.742216e-01,2.024482e+02,5.079002e-01,1.034006e+00,3.914009e+00,1.880368e+01,3.831771e+00,2.550304e+02,6.018546e-01,1.955245e+02,5.922810e+00,1.548660e+00,9.135584e-01,1.980687e+02,1.094408e+01,4.423794e-01,1.757286e+00,5.549440e+01,
1.405532e+00,6.522675e+01,2.742957e-01,4.670918e+02,5.073560e-01,1.021864e+00,3.835193e+00,1.892642e+01,3.783856e+00,2.482723e+02,5.944769e-01,1.964559e+02,5.803147e+00,1.544697e+00,9.086275e-01,1.904279e+02,1.055930e+01,4.422241e-01,1.744262e+00,5.323311e+01,
1.402154e+00,6.465234e+01,2.744076e-01,6.246329e+02,5.069084e-01,1.010619e+00,3.758564e+00,1.900873e+01,3.740016e+00,2.404017e+02,5.870526e-01,1.975080e+02,5.692449e+00,1.541436e+00,9.041544e-01,1.832076e+02,1.019441e+01,4.421068e-01,1.731732e+00,5.107553e+01,
1.399158e+00,6.411476e+01,2.745361e-01,6.800480e+02,5.063839e-01,1.000132e+00,3.684391e+00,1.905249e+01,3.699895e+00,2.321205e+02,5.795987e-01,1.995016e+02,5.589604e+00,1.538687e+00,9.001691e-01,1.763794e+02,9.848539e+00,4.419675e-01,1.719686e+00,4.901844e+01,
1.396566e+00,6.360652e+01,2.745994e-01,6.874477e+02,5.058443e-01,9.904108e-01,3.613005e+00,1.906418e+01,3.663206e+00,2.237885e+02,5.721766e-01,2.036025e+02,5.494366e+00,1.536545e+00,8.966331e-01,1.699193e+02,9.520484e+00,4.418342e-01,1.708126e+00,4.706255e+01,
1.394443e+00,6.312492e+01,2.746942e-01,6.755823e+02,5.052239e-01,9.813539e-01,3.544436e+00,1.906010e+01,3.629577e+00,2.155847e+02,5.648618e-01,2.110998e+02,5.406264e+00,1.534773e+00,8.933979e-01,1.638130e+02,9.208934e+00,4.417049e-01,1.696938e+00,4.519966e+01,
1.392602e+00,6.266286e+01,2.747360e-01,6.566368e+02,5.045829e-01,9.730309e-01,3.478834e+00,1.906835e+01,3.598927e+00,2.076126e+02,5.576613e-01,2.228722e+02,5.324548e+00,1.533474e+00,8.905392e-01,1.580403e+02,8.912999e+00,4.416005e-01,1.686263e+00,4.342776e+01,
1.391104e+00,6.221111e+01,2.747707e-01,6.355496e+02,5.040007e-01,9.653603e-01,3.415970e+00,1.912804e+01,3.570679e+00,1.999160e+02,5.505660e-01,2.387160e+02,5.248838e+00,1.532484e+00,8.879381e-01,1.525764e+02,8.632214e+00,4.414441e-01,1.675870e+00,4.173928e+01,
1.389756e+00,6.177209e+01,2.747641e-01,6.141867e+02,5.034463e-01,9.582391e-01,3.355960e+00,1.929795e+01,3.544785e+00,1.925106e+02,5.436424e-01,2.570442e+02,5.178859e+00,1.531868e+00,8.856681e-01,1.474021e+02,8.365311e+00,4.412662e-01,1.665851e+00,4.013408e+01,
1.388631e+00,6.133305e+01,2.747004e-01,5.932805e+02,5.029193e-01,9.516539e-01,3.298779e+00,1.965992e+01,3.521068e+00,1.854011e+02,5.368934e-01,2.753293e+02,5.113746e+00,1.531431e+00,8.836206e-01,1.424922e+02,8.111928e+00,4.410378e-01,1.656235e+00,3.860951e+01,
1.387673e+00,6.089441e+01,2.746741e-01,5.730192e+02,5.022991e-01,9.456784e-01,3.244111e+00,2.031294e+01,3.499178e+00,1.785901e+02,5.303222e-01,2.910956e+02,5.053090e+00,1.531198e+00,8.817884e-01,1.378285e+02,7.871137e+00,4.408323e-01,1.646964e+00,3.715805e+01,
1.386836e+00,6.044970e+01,2.746445e-01,5.535178e+02,5.016866e-01,9.401125e-01,3.192019e+00,2.134971e+01,3.478791e+00,1.720739e+02,5.239337e-01,3.027588e+02,4.996752e+00,1.531255e+00,8.801062e-01,1.333977e+02,7.642887e+00,4.406737e-01,1.638028e+00,3.577829e+01,
1.386130e+00,5.999837e+01,2.746140e-01,5.347457e+02,5.010607e-01,9.350337e-01,3.142251e+00,2.281618e+01,3.459970e+00,1.658427e+02,5.178023e-01,3.098230e+02,4.944349e+00,1.531414e+00,8.786652e-01,1.291758e+02,7.425875e+00,4.404753e-01,1.629457e+00,3.446657e+01,
1.385477e+00,5.954019e+01,2.746097e-01,5.167028e+02,5.004358e-01,9.303306e-01,3.094788e+00,2.465945e+01,3.442290e+00,1.598803e+02,5.118997e-01,3.126638e+02,4.895209e+00,1.531705e+00,8.773336e-01,1.251444e+02,7.219926e+00,4.402470e-01,1.621034e+00,3.321753e+01,
1.384964e+00,5.907580e+01,2.745884e-01,4.993486e+02,4.997771e-01,9.260631e-01,3.049411e+00,2.670971e+01,3.425786e+00,1.541790e+02,5.062068e-01,3.120612e+02,4.849553e+00,1.532089e+00,8.761407e-01,1.212863e+02,7.024494e+00,4.400249e-01,1.612964e+00,3.202998e+01,
1.384506e+00,5.860756e+01,2.745495e-01,4.826908e+02,4.991041e-01,9.221404e-01,3.006099e+00,2.872235e+01,3.410276e+00,1.487296e+02,5.007822e-01,3.089032e+02,4.806519e+00,1.532608e+00,8.750755e-01,1.175895e+02,6.838737e+00,4.397838e-01,1.605098e+00,3.090071e+01,
1.384091e+00,5.813697e+01,2.744847e-01,4.666877e+02,4.983391e-01,9.184905e-01,2.964549e+00,3.047184e+01,3.395607e+00,1.435188e+02,4.956056e-01,3.039810e+02,4.766422e+00,1.533107e+00,8.740723e-01,1.140411e+02,6.662655e+00,4.395124e-01,1.597608e+00,2.982589e+01,
1.383824e+00,5.766248e+01,2.743992e-01,4.513230e+02,4.976023e-01,9.151448e-01,2.924827e+00,3.181483e+01,3.381927e+00,1.385372e+02,4.906321e-01,2.979280e+02,4.728180e+00,1.533630e+00,8.731536e-01,1.106262e+02,6.495733e+00,4.392352e-01,1.590319e+00,2.880325e+01,
1.383442e+00,5.718903e+01,2.742703e-01,4.366357e+02,4.968623e-01,9.121176e-01,2.886549e+00,3.271054e+01,3.368769e+00,1.337775e+02,4.858929e-01,2.912081e+02,4.692600e+00,1.534297e+00,8.723240e-01,1.073270e+02,6.337286e+00,4.389086e-01,1.583363e+00,2.782988e+01,
1.383265e+00,5.671865e+01,2.741669e-01,4.225923e+02,4.961563e-01,9.092599e-01,2.849812e+00,3.319141e+01,3.356446e+00,1.292257e+02,4.813791e-01,2.841494e+02,4.659107e+00,1.534920e+00,8.715257e-01,1.041396e+02,6.187263e+00,4.385725e-01,1.576610e+00,2.690306e+01,
1.383030e+00,5.625220e+01,2.739930e-01,4.092658e+02,4.954405e-01,9.066779e-01,2.814489e+00,3.332540e+01,3.344616e+00,1.248708e+02,4.771062e-01,2.769692e+02,4.627452e+00,1.535569e+00,8.707882e-01,1.010526e+02,6.045300e+00,4.382302e-01,1.570192e+00,2.602030e+01,
1.382897e+00,5.579294e+01,2.738599e-01,3.966751e+02,4.947132e-01,9.043136e-01,2.780413e+00,3.319169e+01,3.333522e+00,1.207057e+02,4.730552e-01,2.698164e+02,4.597431e+00,1.536221e+00,8.700835e-01,9.806281e+01,5.910714e+00,4.378938e-01,1.563894e+00,2.518007e+01,
1.382642e+00,5.533777e+01,2.737415e-01,3.848969e+02,4.939505e-01,9.022267e-01,2.747674e+00,3.286214e+01,3.323006e+00,1.167201e+02,4.692430e-01,2.627817e+02,4.569406e+00,1.536739e+00,8.694208e-01,9.516293e+01,5.782817e+00,4.375687e-01,1.558043e+00,2.438066e+01,
1.382435e+00,5.489151e+01,2.735802e-01,3.739414e+02,4.931692e-01,9.002569e-01,2.716099e+00,3.239411e+01,3.313150e+00,1.129059e+02,4.656524e-01,2.559155e+02,4.542802e+00,1.537370e+00,8.687761e-01,9.234686e+01,5.662000e+00,4.372095e-01,1.552183e+00,2.361722e+01,
1.382341e+00,5.445426e+01,2.734154e-01,3.638172e+02,4.923794e-01,8.984109e-01,2.685681e+00,3.183390e+01,3.303905e+00,1.092531e+02,4.622720e-01,2.492505e+02,4.517459e+00,1.537968e+00,8.681878e-01,8.961472e+01,5.547979e+00,4.368188e-01,1.546630e+00,2.288935e+01,
1.382166e+00,5.402379e+01,2.732243e-01,3.544383e+02,4.916220e-01,8.966304e-01,2.656286e+00,3.121241e+01,3.295309e+00,1.057586e+02,4.590725e-01,2.428083e+02,4.494004e+00,1.538485e+00,8.676166e-01,8.695882e+01,5.439930e+00,4.364171e-01,1.541282e+00,2.219612e+01,
1.382102e+00,5.360077e+01,2.730483e-01,3.456195e+02,4.908117e-01,8.950438e-01,2.627979e+00,3.055561e+01,3.287265e+00,1.024119e+02,4.560481e-01,2.365896e+02,4.471575e+00,1.539001e+00,8.670575e-01,8.437589e+01,5.337888e+00,4.359675e-01,1.536224e+00,2.153530e+01,
1.381861e+00,5.318678e+01,2.728816e-01,3.371681e+02,4.900182e-01,8.935020e-01,2.600587e+00,2.988088e+01,3.279918e+00,9.920687e+01,4.532179e-01,2.306060e+02,4.450623e+00,1.539484e+00,8.665290e-01,8.187123e+01,5.241627e+00,4.355007e-01,1.531294e+00,2.090491e+01,
1.381708e+00,5.277151e+01,2.726820e-01,3.289115e+02,4.891940e-01,8.921042e-01,2.574265e+00,2.919839e+01,3.273153e+00,9.613607e+01,4.506257e-01,2.248391e+02,4.430808e+00,1.539897e+00,8.660383e-01,7.943494e+01,5.150739e+00,4.350605e-01,1.526683e+00,2.030277e+01,
1.381551e+00,5.236856e+01,2.724714e-01,3.206951e+02,4.884350e-01,8.907427e-01,2.548870e+00,2.851749e+01,3.266959e+00,9.319501e+01,4.481579e-01,2.192948e+02,4.415457e+00,1.540362e+00,8.655156e-01,7.707684e+01,5.065051e+00,4.346024e-01,1.522172e+00,1.972894e+01,
1.381374e+00,5.199000e+01,2.721994e-01,3.124915e+02,4.875377e-01,8.894142e-01,2.524345e+00,2.784553e+01,3.261376e+00,9.037735e+01,4.458451e-01,2.139547e+02,4.461641e+00,1.540678e+00,8.649778e-01,7.478617e+01,4.984164e+00,4.340832e-01,1.518013e+00,1.918081e+01,
1.381158e+00,5.178321e+01,2.719185e-01,3.043069e+02,4.867168e-01,8.882009e-01,2.500735e+00,2.718433e+01,3.256317e+00,8.767762e+01,4.436829e-01,2.088182e+02,4.500587e+00,1.540922e+00,8.644704e-01,7.256577e+01,4.907921e+00,4.335758e-01,1.513911e+00,1.865872e+01,
1.380850e+00,5.298344e+01,2.716583e-01,2.961839e+02,4.859418e-01,8.870508e-01,2.477975e+00,2.653701e+01,3.251705e+00,8.508856e+01,4.416872e-01,2.038718e+02,4.551507e+00,1.541125e+00,8.639796e-01,7.041345e+01,4.836173e+00,4.330345e-01,1.510140e+00,1.816202e+01,
1.380537e+00,6.693642e+01,2.714354e-01,2.881552e+02,4.851133e-01,8.859752e-01,2.456108e+00,2.590450e+01,3.247603e+00,8.260646e+01,4.398396e-01,1.991046e+02,4.619486e+00,1.541252e+00,8.634585e-01,6.832948e+01,4.768636e+00,4.324893e-01,1.506448e+00,1.768858e+01,
1.380247e+00,1.605522e+02,2.711934e-01,2.802542e+02,4.842317e-01,8.849485e-01,2.435128e+00,2.528896e+01,3.243911e+00,8.022593e+01,4.381288e-01,1.945100e+02,4.638000e+00,1.541434e+00,8.629687e-01,6.631139e+01,4.705266e+00,4.319283e-01,1.502843e+00,1.723570e+01,
1.379849e+00,3.563616e+02,2.709492e-01,2.725287e+02,4.833826e-01,8.839632e-01,2.415068e+00,2.469280e+01,3.240567e+00,7.794202e+01,4.365446e-01,1.900767e+02,4.613031e+00,1.541391e+00,8.624850e-01,6.435978e+01,4.646104e+00,4.313270e-01,1.499452e+00,1.680163e+01,
1.379507e+00,4.958347e+02,2.706809e-01,2.650113e+02,4.825165e-01,8.829218e-01,2.395918e+00,2.411293e+01,3.237696e+00,7.575261e+01,4.350639e-01,1.858046e+02,4.570726e+00,1.541478e+00,8.619590e-01,6.247261e+01,4.590439e+00,4.307238e-01,1.496266e+00,1.638623e+01,
1.379052e+00,5.545742e+02,2.703626e-01,2.576963e+02,4.816094e-01,8.818751e-01,2.377515e+00,2.355136e+01,3.235099e+00,7.365117e+01,4.336322e-01,1.816743e+02,4.525252e+00,1.541499e+00,8.614401e-01,6.064680e+01,4.538216e+00,4.301608e-01,1.493160e+00,1.598876e+01,
1.378600e+00,5.718521e+02,2.700368e-01,2.506060e+02,4.807138e-01,8.808759e-01,2.359985e+00,2.300781e+01,3.232843e+00,7.163363e+01,4.323088e-01,1.776870e+02,4.485193e+00,1.541303e+00,8.609252e-01,5.888342e+01,4.489560e+00,4.295432e-01,1.490146e+00,1.560869e+01,
1.378073e+00,5.710300e+02,2.697235e-01,2.437612e+02,4.798198e-01,8.799537e-01,2.343294e+00,2.248177e+01,3.230799e+00,6.969843e+01,4.310943e-01,1.738400e+02,4.455447e+00,1.541138e+00,8.603929e-01,5.717886e+01,4.444337e+00,4.289044e-01,1.487325e+00,1.524415e+01,
1.377527e+00,5.623652e+02,2.694436e-01,2.371414e+02,4.788931e-01,8.791083e-01,2.327308e+00,2.197252e+01,3.229016e+00,6.784066e+01,4.299893e-01,1.701218e+02,4.439131e+00,1.540863e+00,8.598543e-01,5.553141e+01,4.401997e+00,4.282364e-01,1.484549e+00,1.489535e+01,
1.376894e+00,5.503343e+02,2.690976e-01,2.307511e+02,4.780253e-01,8.781602e-01,2.311984e+00,2.148008e+01,3.227318e+00,6.605817e+01,4.289060e-01,1.665294e+02,4.438035e+00,1.540547e+00,8.592889e-01,5.394228e+01,4.362508e+00,4.275766e-01,1.481908e+00,1.456201e+01,
1.376300e+00,5.370269e+02,2.687109e-01,2.245936e+02,4.771740e-01,8.773223e-01,2.297575e+00,2.100428e+01,3.225693e+00,6.434683e+01,4.279138e-01,1.630591e+02,4.454180e+00,1.540153e+00,8.586835e-01,5.240810e+01,4.325561e+00,4.269182e-01,1.479401e+00,1.424288e+01,
1.375685e+00,5.233099e+02,2.683671e-01,2.186515e+02,4.762865e-01,8.764654e-01,2.283907e+00,2.054359e+01,3.224192e+00,6.270210e+01,4.270120e-01,1.597041e+02,4.489021e+00,1.539770e+00,8.581130e-01,5.092567e+01,4.291617e+00,4.261813e-01,1.476864e+00,1.393721e+01,
1.375056e+00,5.096210e+02,2.680082e-01,2.129304e+02,4.754320e-01,8.756176e-01,2.270980e+00,2.009862e+01,3.222733e+00,6.112317e+01,4.261789e-01,1.564634e+02,4.543242e+00,1.539273e+00,8.575221e-01,4.949490e+01,4.260287e+00,4.254565e-01,1.474493e+00,1.364470e+01,
1.374423e+00,4.962250e+02,2.676644e-01,2.074096e+02,4.745333e-01,8.747587e-01,2.258650e+00,1.966996e+01,3.221346e+00,5.960574e+01,4.253983e-01,1.533307e+02,4.615314e+00,1.538747e+00,8.568861e-01,4.811511e+01,4.231294e+00,4.247496e-01,1.472099e+00,1.336422e+01,
1.373867e+00,4.831733e+02,2.673489e-01,2.020978e+02,4.736832e-01,8.739002e-01,2.246888e+00,1.925415e+01,3.219939e+00,5.814970e+01,4.246191e-01,1.503116e+02,4.701781e+00,1.538152e+00,8.562415e-01,4.678458e+01,4.204516e+00,4.240471e-01,1.469891e+00,1.309563e+01,
1.373115e+00,4.704885e+02,2.670070e-01,1.969786e+02,4.727752e-01,8.729991e-01,2.235840e+00,1.885341e+01,3.218761e+00,5.674961e+01,4.239171e-01,1.474308e+02,4.797552e+00,1.537501e+00,8.556100e-01,4.550004e+01,4.180026e+00,4.233991e-01,1.467683e+00,1.283757e+01,
1.372477e+00,4.582552e+02,2.666540e-01,1.920442e+02,4.718897e-01,8.721809e-01,2.225320e+00,1.846624e+01,3.217362e+00,5.540353e+01,4.232525e-01,1.448996e+02,4.898798e+00,1.536833e+00,8.549862e-01,4.426096e+01,4.157663e+00,4.227422e-01,1.465477e+00,1.258988e+01,
1.371750e+00,4.464445e+02,2.662635e-01,1.872954e+02,4.709342e-01,8.713672e-01,2.215262e+00,1.809202e+01,3.216042e+00,5.411049e+01,4.225608e-01,1.437550e+02,5.001721e+00,1.535996e+00,8.543668e-01,4.306482e+01,4.137248e+00,4.220572e-01,1.463319e+00,1.235201e+01,
1.371025e+00,4.350737e+02,2.658218e-01,1.827121e+02,4.700055e-01,8.705421e-01,2.205799e+00,1.773023e+01,3.214892e+00,5.286787e+01,4.219478e-01,1.480341e+02,5.104399e+00,1.535177e+00,8.536713e-01,4.191129e+01,4.118490e+00,4.213896e-01,1.461229e+00,1.212385e+01,
1.370210e+00,4.241612e+02,2.653838e-01,1.782894e+02,4.691354e-01,8.697200e-01,2.196822e+00,1.738089e+01,3.213524e+00,5.167244e+01,4.214013e-01,1.688053e+02,5.204093e+00,1.534243e+00,8.530318e-01,4.079839e+01,4.101504e+00,4.206084e-01,1.459244e+00,1.190494e+01,
1.369289e+00,4.137003e+02,2.649732e-01,1.740313e+02,4.681998e-01,8.688825e-01,2.188377e+00,1.704432e+01,3.211993e+00,5.052293e+01,4.208796e-01,2.232982e+02,5.299425e+00,1.533284e+00,8.523577e-01,3.972507e+01,4.085991e+00,4.198877e-01,1.457358e+00,1.169436e+01,
1.368285e+00,4.036894e+02,2.645585e-01,1.699184e+02,4.672478e-01,8.680209e-01,2.180471e+00,1.671849e+01,3.210422e+00,4.941718e+01,4.203588e-01,3.154269e+02,5.387102e+00,1.532249e+00,8.516810e-01,3.868847e+01,4.071910e+00,4.191498e-01,1.455419e+00,1.149229e+01,
1.367329e+00,3.941093e+02,2.641166e-01,1.659520e+02,4.664353e-01,8.671491e-01,2.172913e+00,1.640418e+01,3.208686e+00,4.835425e+01,4.198592e-01,4.193351e+02,5.466163e+00,1.531199e+00,8.510104e-01,3.768895e+01,4.059298e+00,4.183927e-01,1.453670e+00,1.129876e+01,
1.366317e+00,3.849624e+02,2.636768e-01,1.621195e+02,4.654824e-01,8.662611e-01,2.165797e+00,1.610078e+01,3.207034e+00,4.733134e+01,4.193697e-01,5.030052e+02,5.536020e+00,1.530051e+00,8.502563e-01,3.672442e+01,4.047853e+00,4.176086e-01,1.451725e+00,1.111326e+01,
1.365262e+00,3.761983e+02,2.632458e-01,1.584134e+02,4.646116e-01,8.653914e-01,2.159093e+00,1.580850e+01,3.205165e+00,4.634830e+01,4.188482e-01,5.544923e+02,5.598407e+00,1.528905e+00,8.495373e-01,3.579433e+01,4.037614e+00,4.168433e-01,1.449949e+00,1.093544e+01,
1.364356e+00,3.677818e+02,2.628289e-01,1.548293e+02,4.636706e-01,8.645377e-01,2.152692e+00,1.552539e+01,3.203299e+00,4.540298e+01,4.183368e-01,5.787021e+02,5.656239e+00,1.527799e+00,8.488274e-01,3.489614e+01,4.028426e+00,4.160573e-01,1.448242e+00,1.076497e+01,
1.363424e+00,3.596967e+02,2.624505e-01,1.513590e+02,4.627355e-01,8.636689e-01,2.146640e+00,1.525330e+01,3.201429e+00,4.449159e+01,4.178906e-01,5.851689e+02,5.711738e+00,1.526421e+00,8.481018e-01,3.402911e+01,4.020337e+00,4.153092e-01,1.446331e+00,1.060204e+01,
1.362578e+00,3.518831e+02,2.620995e-01,1.479978e+02,4.618454e-01,8.627935e-01,2.140960e+00,1.499004e+01,3.199293e+00,4.361359e+01,4.174652e-01,5.816407e+02,5.765600e+00,1.525257e+00,8.473581e-01,3.319231e+01,4.013040e+00,4.145195e-01,1.444520e+00,1.044567e+01,
1.361757e+00,3.443083e+02,2.616754e-01,1.447448e+02,4.608506e-01,8.619629e-01,2.135536e+00,1.473650e+01,3.197121e+00,4.276858e+01,4.169772e-01,5.729890e+02,5.817660e+00,1.523893e+00,8.466082e-01,3.238368e+01,4.006339e+00,4.137369e-01,1.442615e+00,1.029567e+01,
1.361006e+00,3.369489e+02,2.611983e-01,1.415867e+02,4.598983e-01,8.610675e-01,2.130331e+00,1.449180e+01,3.194820e+00,4.195632e+01,4.165088e-01,5.619355e+02,5.865128e+00,1.522484e+00,8.458028e-01,3.160403e+01,4.000487e+00,4.129224e-01,1.440875e+00,1.015259e+01,
1.360523e+00,3.297438e+02,2.606818e-01,1.385253e+02,4.590280e-01,8.601319e-01,2.125449e+00,1.425670e+01,3.192401e+00,4.117449e+01,4.160658e-01,5.498931e+02,5.904223e+00,1.521226e+00,8.449999e-01,3.085116e+01,3.995377e+00,4.121691e-01,1.439092e+00,1.001555e+01,
1.360168e+00,3.227012e+02,2.602005e-01,1.355449e+02,4.580879e-01,8.591990e-01,2.120914e+00,1.402971e+01,3.189928e+00,4.041970e+01,4.156387e-01,5.375935e+02,5.931808e+00,1.519781e+00,8.442318e-01,3.012312e+01,3.990690e+00,4.113684e-01,1.437212e+00,9.884591e+00,
1.359883e+00,3.157914e+02,2.596947e-01,1.326549e+02,4.571755e-01,8.582625e-01,2.116491e+00,1.381099e+01,3.187287e+00,3.969312e+01,4.152102e-01,5.253516e+02,5.945158e+00,1.518391e+00,8.434461e-01,2.942081e+01,3.986692e+00,4.105690e-01,1.435458e+00,9.759795e+00,
1.359768e+00,3.090015e+02,2.591805e-01,1.298425e+02,4.562255e-01,8.573552e-01,2.112412e+00,1.360052e+01,3.184626e+00,3.899319e+01,4.147636e-01,5.133478e+02,5.942418e+00,1.516862e+00,8.426482e-01,2.874202e+01,3.983052e+00,4.097221e-01,1.433562e+00,9.640300e+00,
1.359790e+00,3.023202e+02,2.587169e-01,1.271095e+02,4.553742e-01,8.564041e-01,2.108385e+00,1.339793e+01,3.182072e+00,3.831841e+01,4.143220e-01,5.016643e+02,5.923631e+00,1.515356e+00,8.418099e-01,2.808658e+01,3.979665e+00,4.088920e-01,1.431651e+00,9.526429e+00,
1.359947e+00,2.957720e+02,2.582878e-01,1.244423e+02,4.544485e-01,8.554634e-01,2.104593e+00,1.320307e+01,3.179143e+00,3.766803e+01,4.139133e-01,4.903412e+02,5.889649e+00,1.513932e+00,8.410110e-01,2.745347e+01,3.977104e+00,4.081017e-01,1.429915e+00,9.418337e+00,
1.360191e+00,2.893263e+02,2.578497e-01,1.218533e+02,4.534622e-01,8.545418e-01,2.101004e+00,1.301553e+01,3.176270e+00,3.704074e+01,4.134777e-01,4.793941e+02,5.842291e+00,1.512544e+00,8.401999e-01,2.684254e+01,3.974588e+00,4.072854e-01,1.427986e+00,9.315038e+00,
1.360412e+00,2.830199e+02,2.573677e-01,1.193244e+02,4.524771e-01,8.535916e-01,2.097593e+00,1.283526e+01,3.173332e+00,3.643615e+01,4.130406e-01,4.688298e+02,5.783813e+00,1.511056e+00,8.392724e-01,2.625110e+01,3.972277e+00,4.064735e-01,1.426073e+00,9.217028e+00,
1.360578e+00,2.768239e+02,2.568669e-01,1.168638e+02,4.515192e-01,8.526669e-01,2.094244e+00,1.266204e+01,3.170297e+00,3.585284e+01,4.126109e-01,4.586386e+02,5.716958e+00,1.509682e+00,8.384423e-01,2.568031e+01,3.970274e+00,4.056579e-01,1.424206e+00,9.124012e+00,
1.360815e+00,2.707736e+02,2.564024e-01,1.144635e+02,4.505472e-01,8.516942e-01,2.091057e+00,1.249545e+01,3.167138e+00,3.528989e+01,4.122121e-01,4.488281e+02,5.643832e+00,1.508280e+00,8.375649e-01,2.512853e+01,3.968415e+00,4.048234e-01,1.422317e+00,9.035634e+00,
1.360911e+00,2.648574e+02,2.559544e-01,1.121254e+02,4.496472e-01,8.507494e-01,2.088210e+00,1.233534e+01,3.163871e+00,3.474659e+01,4.118011e-01,4.393668e+02,5.566144e+00,1.506877e+00,8.366619e-01,2.459460e+01,3.966701e+00,4.039794e-01,1.420435e+00,8.952078e+00,
1.360796e+00,2.590726e+02,2.555040e-01,1.098435e+02,4.486991e-01,8.497798e-01,2.085238e+00,1.218159e+01,3.160488e+00,3.422159e+01,4.113687e-01,4.302399e+02,5.486635e+00,1.505327e+00,8.357576e-01,2.407924e+01,3.965215e+00,4.031521e-01,1.418562e+00,8.873242e+00,
1.360502e+00,2.534280e+02,2.550133e-01,1.076164e+02,4.477825e-01,8.488321e-01,2.082558e+00,1.203372e+01,3.157080e+00,3.371566e+01,4.109317e-01,4.214373e+02,5.406249e+00,1.503775e+00,8.348500e-01,2.358017e+01,3.963799e+00,4.023216e-01,1.416739e+00,8.799192e+00,
1.359926e+00,2.479407e+02,2.544715e-01,1.054467e+02,4.469017e-01,8.478662e-01,2.079816e+00,1.189180e+01,3.153633e+00,3.322649e+01,4.104882e-01,4.129272e+02,5.326386e+00,1.502145e+00,8.339812e-01,2.309825e+01,3.962412e+00,4.014975e-01,1.414944e+00,8.729265e+00,
1.359027e+00,2.425865e+02,2.540133e-01,1.033285e+02,4.459895e-01,8.468750e-01,2.077259e+00,1.175584e+01,3.150096e+00,3.275388e+01,4.100575e-01,4.046940e+02,5.247562e+00,1.500474e+00,8.330850e-01,2.263196e+01,3.961199e+00,4.006675e-01,1.413147e+00,8.663888e+00,
1.357743e+00,2.373840e+02,2.535153e-01,1.012663e+02,4.451393e-01,8.458877e-01,2.074836e+00,1.162512e+01,3.146509e+00,3.229736e+01,4.096400e-01,3.967043e+02,5.171267e+00,1.498774e+00,8.321512e-01,2.218093e+01,3.959824e+00,3.998343e-01,1.411272e+00,8.602782e+00,
1.356317e+00,2.323323e+02,2.530228e-01,9.925439e+01,4.442503e-01,8.448960e-01,2.072511e+00,1.149962e+01,3.142784e+00,3.185687e+01,4.092167e-01,3.889419e+02,5.097546e+00,1.496868e+00,8.313155e-01,2.174514e+01,3.958445e+00,3.990204e-01,1.409400e+00,8.545530e+00,
1.354398e+00,2.274038e+02,2.525154e-01,9.729062e+01,4.433315e-01,8.439391e-01,2.070087e+00,1.137845e+01,3.138998e+00,3.143019e+01,4.088096e-01,3.813932e+02,5.026721e+00,1.494884e+00,8.304096e-01,2.132345e+01,3.957268e+00,3.982258e-01,1.407544e+00,8.492760e+00,
1.352283e+00,2.226221e+02,2.519954e-01,9.537456e+01,4.424196e-01,8.429292e-01,2.067727e+00,1.126273e+01,3.135125e+00,3.101865e+01,4.084143e-01,3.740196e+02,4.959692e+00,1.492834e+00,8.294387e-01,2.091517e+01,3.955935e+00,3.973992e-01,1.405853e+00,8.443366e+00,
1.349759e+00,2.179774e+02,2.514984e-01,9.351040e+01,4.415608e-01,8.418854e-01,2.065475e+00,1.115132e+01,3.131292e+00,3.061949e+01,4.080055e-01,3.668181e+02,4.896295e+00,1.490703e+00,8.285021e-01,2.052026e+01,3.954511e+00,3.965445e-01,1.403969e+00,8.398398e+00,
1.347110e+00,2.134603e+02,2.509923e-01,9.169256e+01,4.407402e-01,8.408894e-01,2.063251e+00,1.104405e+01,3.127381e+00,3.023443e+01,4.075611e-01,3.597717e+02,4.836753e+00,1.488530e+00,8.275480e-01,2.013867e+01,3.953298e+00,3.957061e-01,1.402110e+00,8.356555e+00,
1.344279e+00,2.090701e+02,2.505327e-01,8.991774e+01,4.398973e-01,8.398532e-01,2.061212e+00,1.094069e+01,3.123403e+00,2.986156e+01,4.070885e-01,3.528642e+02,4.781221e+00,1.486228e+00,8.265951e-01,1.976933e+01,3.952016e+00,3.948872e-01,1.400284e+00,8.318380e+00,
1.341297e+00,2.048085e+02,2.500615e-01,8.819212e+01,4.389927e-01,8.387897e-01,2.059064e+00,1.084117e+01,3.119386e+00,2.950047e+01,4.066242e-01,3.461000e+02,4.729644e+00,1.483989e+00,8.256599e-01,1.941142e+01,3.950533e+00,3.940624e-01,1.398528e+00,8.284171e+00,
1.338264e+00,2.006684e+02,2.495423e-01,8.650494e+01,4.380751e-01,8.377064e-01,2.056914e+00,1.074549e+01,3.115276e+00,2.915110e+01,4.061770e-01,3.394619e+02,4.681784e+00,1.481709e+00,8.246856e-01,1.906518e+01,3.949008e+00,3.932238e-01,1.396695e+00,8.253301e+00,
1.335198e+00,1.966620e+02,2.490052e-01,8.486312e+01,4.372018e-01,8.366407e-01,2.054788e+00,1.065339e+01,3.111105e+00,2.881232e+01,4.057173e-01,3.329585e+02,4.637609e+00,1.479381e+00,8.237302e-01,1.873035e+01,3.947494e+00,3.923909e-01,1.394957e+00,8.226597e+00,
1.332165e+00,1.927517e+02,2.484543e-01,8.326662e+01,4.362977e-01,8.355808e-01,2.052863e+00,1.056441e+01,3.106927e+00,2.848495e+01,4.052536e-01,3.265721e+02,4.597194e+00,1.477035e+00,8.227451e-01,1.840560e+01,3.945902e+00,3.915879e-01,1.393157e+00,8.203469e+00,
1.329196e+00,1.889564e+02,2.479615e-01,8.170860e+01,4.353786e-01,8.344909e-01,2.050830e+00,1.047871e+01,3.102648e+00,2.816736e+01,4.048102e-01,3.203261e+02,4.559824e+00,1.474579e+00,8.217424e-01,1.809141e+01,3.944281e+00,3.907760e-01,1.391276e+00,8.184615e+00,
1.326108e+00,1.852772e+02,2.474891e-01,8.018909e+01,4.345250e-01,8.334159e-01,2.048922e+00,1.039634e+01,3.098261e+00,2.785978e+01,4.043630e-01,3.141977e+02,4.525941e+00,1.472329e+00,8.207629e-01,1.778653e+01,3.942623e+00,3.899675e-01,1.389472e+00,8.169342e+00,
1.323259e+00,1.816947e+02,2.470074e-01,7.871328e+01,4.336153e-01,8.323539e-01,2.046880e+00,1.031665e+01,3.093827e+00,2.756201e+01,4.038869e-01,3.082132e+02,4.494521e+00,1.470027e+00,8.197441e-01,1.749211e+01,3.940718e+00,3.891532e-01,1.387678e+00,8.158766e+00,
1.320348e+00,1.782124e+02,2.465610e-01,7.727427e+01,4.327498e-01,8.313115e-01,2.044822e+00,1.023919e+01,3.089458e+00,2.727268e+01,4.034326e-01,3.023453e+02,4.465897e+00,1.467563e+00,8.187129e-01,1.720628e+01,3.938807e+00,3.883119e-01,1.385792e+00,8.151846e+00,
1.317550e+00,1.748238e+02,2.460395e-01,7.587347e+01,4.319205e-01,8.302830e-01,2.042867e+00,1.016462e+01,3.085028e+00,2.699239e+01,4.029936e-01,2.966136e+02,4.439594e+00,1.465114e+00,8.177477e-01,1.692969e+01,3.936929e+00,3.874537e-01,1.383921e+00,8.149104e+00,
1.314779e+00,1.715340e+02,2.455116e-01,7.450758e+01,4.310785e-01,8.292442e-01,2.040839e+00,1.009244e+01,3.080526e+00,2.672074e+01,4.025677e-01,2.910063e+02,4.415236e+00,1.462728e+00,8.167464e-01,1.666159e+01,3.934932e+00,3.866236e-01,1.382087e+00,8.149714e+00,
1.312158e+00,1.683316e+02,2.449945e-01,7.317906e+01,4.301586e-01,8.282254e-01,2.038906e+00,1.002294e+01,3.076016e+00,2.645636e+01,4.021177e-01,2.855333e+02,4.392848e+00,1.460303e+00,8.157337e-01,1.640137e+01,3.932839e+00,3.857988e-01,1.380308e+00,8.153375e+00,
1.309608e+00,1.652122e+02,2.444832e-01,7.188447e+01,4.293152e-01,8.272172e-01,2.036945e+00,9.955736e+00,3.071431e+00,2.620078e+01,4.016593e-01,2.801881e+02,4.372269e+00,1.457870e+00,8.147148e-01,1.614981e+01,3.930652e+00,3.849829e-01,1.378582e+00,8.158745e+00,
1.307069e+00,1.621776e+02,2.439600e-01,7.062261e+01,4.284137e-01,8.262022e-01,2.034970e+00,9.890553e+00,3.066721e+00,2.595278e+01,4.012106e-01,2.749782e+02,4.352849e+00,1.455459e+00,8.136951e-01,1.590586e+01,3.928186e+00,3.841491e-01,1.376744e+00,8.165390e+00,
1.304622e+00,1.592243e+02,2.434319e-01,6.939622e+01,4.275386e-01,8.251408e-01,2.032942e+00,9.827594e+00,3.062076e+00,2.571110e+01,4.007441e-01,2.698918e+02,4.334836e+00,1.452994e+00,8.126488e-01,1.566928e+01,3.925764e+00,3.833125e-01,1.375026e+00,8.172248e+00,
1.302292e+00,1.563414e+02,2.429618e-01,6.820127e+01,4.266201e-01,8.240926e-01,2.031078e+00,9.766109e+00,3.057404e+00,2.547691e+01,4.002939e-01,2.649417e+02,4.318042e+00,1.450662e+00,8.115941e-01,1.543985e+01,3.923326e+00,3.824767e-01,1.373232e+00,8.178329e+00,
1.299995e+00,1.535381e+02,2.424754e-01,6.703858e+01,4.257144e-01,8.231013e-01,2.029012e+00,9.706657e+00,3.052559e+00,2.524967e+01,3.998375e-01,2.601109e+02,4.302274e+00,1.448214e+00,8.105314e-01,1.521782e+01,3.920908e+00,3.816898e-01,1.371459e+00,8.182745e+00,
1.297679e+00,1.507942e+02,2.419762e-01,6.590289e+01,4.247743e-01,8.220652e-01,2.026957e+00,9.649336e+00,3.047925e+00,2.502884e+01,3.993330e-01,2.554070e+02,4.287336e+00,1.445798e+00,8.094674e-01,1.500222e+01,3.918249e+00,3.808789e-01,1.369669e+00,8.185110e+00,
1.295412e+00,1.481247e+02,2.414786e-01,6.480068e+01,4.239442e-01,8.209729e-01,2.025007e+00,9.594142e+00,3.043198e+00,2.481481e+01,3.988355e-01,2.508176e+02,4.273157e+00,1.443300e+00,8.083793e-01,1.479325e+01,3.915518e+00,3.800703e-01,1.367917e+00,8.184942e+00,
1.293182e+00,1.455206e+02,2.409544e-01,6.372676e+01,4.230483e-01,8.199087e-01,2.022934e+00,9.540629e+00,3.038491e+00,2.460605e+01,3.983558e-01,2.463498e+02,4.260126e+00,1.440964e+00,8.073161e-01,1.459084e+01,3.912698e+00,3.792493e-01,1.366120e+00,8.182640e+00,
1.290981e+00,1.429778e+02,2.404265e-01,6.267873e+01,4.221525e-01,8.189006e-01,2.020988e+00,9.488383e+00,3.033664e+00,2.440372e+01,3.978989e-01,2.419959e+02,4.247365e+00,1.438528e+00,8.062763e-01,1.439413e+01,3.909896e+00,3.784458e-01,1.364356e+00,8.178158e+00,
1.288773e+00,1.404971e+02,2.399054e-01,6.165910e+01,4.213177e-01,8.178869e-01,2.019025e+00,9.438382e+00,3.028805e+00,2.420720e+01,3.974557e-01,2.377566e+02,4.235331e+00,1.436153e+00,8.052634e-01,1.420388e+01,3.906930e+00,3.776447e-01,1.362639e+00,8.172368e+00,
1.286612e+00,1.380702e+02,2.394094e-01,6.066722e+01,4.205538e-01,8.168917e-01,2.017020e+00,9.389879e+00,3.023893e+00,2.401604e+01,3.970206e-01,2.336254e+02,4.223901e+00,1.433731e+00,8.042913e-01,1.401931e+01,3.903864e+00,3.768333e-01,1.360916e+00,8.165600e+00,
1.284451e+00,1.357027e+02,2.389114e-01,5.970023e+01,4.198060e-01,8.158340e-01,2.014860e+00,9.343257e+00,3.018826e+00,2.382998e+01,3.965754e-01,2.296072e+02,4.212915e+00,1.431325e+00,8.032425e-01,1.383977e+01,3.900701e+00,3.760360e-01,1.358986e+00,8.159459e+00,
1.282246e+00,1.333863e+02,2.384519e-01,5.875707e+01,4.189633e-01,8.147550e-01,2.012848e+00,9.298285e+00,3.013741e+00,2.364943e+01,3.961099e-01,2.256854e+02,4.202292e+00,1.428970e+00,8.022384e-01,1.366586e+01,3.897487e+00,3.752662e-01,1.357200e+00,8.155261e+00,
1.280160e+00,1.311216e+02,2.380124e-01,5.784034e+01,4.181186e-01,8.137123e-01,2.010714e+00,9.254768e+00,3.008859e+00,2.347403e+01,3.956447e-01,2.218709e+02,4.192027e+00,1.426606e+00,8.012558e-01,1.349800e+01,3.894233e+00,3.744935e-01,1.355577e+00,8.153816e+00,
1.278118e+00,1.289132e+02,2.375487e-01,5.694864e+01,4.173096e-01,8.126501e-01,2.008701e+00,9.212437e+00,3.003785e+00,2.330296e+01,3.951927e-01,2.181462e+02,4.182178e+00,1.424187e+00,8.002561e-01,1.333498e+01,3.891099e+00,3.737097e-01,1.353803e+00,8.156265e+00,
1.276002e+00,1.267537e+02,2.370518e-01,5.607836e+01,4.163817e-01,8.115893e-01,2.006450e+00,9.171726e+00,2.998611e+00,2.313774e+01,3.947556e-01,2.145275e+02,4.172627e+00,1.421715e+00,7.992188e-01,1.317720e+01,3.887630e+00,3.729495e-01,1.352022e+00,8.164462e+00,
1.273874e+00,1.246375e+02,2.365625e-01,5.522895e+01,4.155885e-01,8.104870e-01,2.004328e+00,9.132761e+00,2.993575e+00,2.297548e+01,3.942814e-01,2.109923e+02,4.163111e+00,1.419308e+00,7.982146e-01,1.302456e+01,3.884437e+00,3.721222e-01,1.350224e+00,8.177863e+00,
1.271845e+00,1.225619e+02,2.360472e-01,5.440252e+01,4.147813e-01,8.094199e-01,2.002161e+00,9.095004e+00,2.988503e+00,2.281941e+01,3.938124e-01,2.075519e+02,4.153956e+00,1.416898e+00,7.972185e-01,1.287656e+01,3.880999e+00,3.713150e-01,1.348411e+00,8.198479e+00,
1.269817e+00,1.205346e+02,2.355226e-01,5.359610e+01,4.139190e-01,8.083519e-01,2.000034e+00,9.058397e+00,2.983400e+00,2.266712e+01,3.933672e-01,2.041940e+02,4.144835e+00,1.414473e+00,7.961788e-01,1.273305e+01,3.877498e+00,3.705105e-01,1.346579e+00,8.225336e+00,
1.267684e+00,1.185481e+02,2.349990e-01,5.281062e+01,4.130718e-01,8.073065e-01,1.997912e+00,9.023320e+00,2.978297e+00,2.251902e+01,3.929037e-01,2.009198e+02,4.135914e+00,1.412152e+00,7.951578e-01,1.259454e+01,3.874093e+00,3.697157e-01,1.344928e+00,8.259012e+00,
1.265685e+00,1.166121e+02,2.344726e-01,5.204617e+01,4.122544e-01,8.062689e-01,1.995689e+00,8.989594e+00,2.973154e+00,2.237533e+01,3.924168e-01,1.977251e+02,4.126957e+00,1.409683e+00,7.941567e-01,1.246039e+01,3.870546e+00,3.689111e-01,1.343152e+00,8.298972e+00,
1.263577e+00,1.147105e+02,2.340399e-01,5.130033e+01,4.114524e-01,8.052148e-01,1.993533e+00,8.957287e+00,2.967916e+00,2.223552e+01,3.919044e-01,1.946107e+02,4.118358e+00,1.407182e+00,7.930835e-01,1.233029e+01,3.867060e+00,3.680808e-01,1.341368e+00,8.344447e+00,
1.261587e+00,1.128472e+02,2.335562e-01,5.057378e+01,4.106221e-01,8.041300e-01,1.991383e+00,8.926327e+00,2.962636e+00,2.210018e+01,3.913921e-01,1.915700e+02,4.109757e+00,1.404673e+00,7.920918e-01,1.220499e+01,3.863635e+00,3.672768e-01,1.339742e+00,8.394341e+00,
1.259480e+00,1.110201e+02,2.330220e-01,4.986598e+01,4.097761e-01,8.030891e-01,1.989182e+00,8.896715e+00,2.957540e+00,2.196856e+01,3.908910e-01,1.886045e+02,4.101301e+00,1.402201e+00,7.911069e-01,1.208355e+01,3.860123e+00,3.665131e-01,1.337955e+00,8.448402e+00,
1.257496e+00,1.092357e+02,2.325691e-01,4.917491e+01,4.089939e-01,8.019708e-01,1.986849e+00,8.867987e+00,2.952296e+00,2.184039e+01,3.904222e-01,1.857069e+02,4.093007e+00,1.399666e+00,7.900355e-01,1.196651e+01,3.856530e+00,3.657453e-01,1.336274e+00,8.504264e+00,
1.255438e+00,1.074911e+02,2.320635e-01,4.850158e+01,4.081456e-01,8.008668e-01,1.984704e+00,8.840694e+00,2.947297e+00,2.171615e+01,3.899498e-01,1.828766e+02,4.084595e+00,1.397247e+00,7.889662e-01,1.185360e+01,3.853032e+00,3.649233e-01,1.334482e+00,8.561307e+00,
1.253377e+00,1.057801e+02,2.315447e-01,4.784634e+01,4.073595e-01,7.997885e-01,1.982582e+00,8.814309e+00,2.942068e+00,2.159501e+01,3.894490e-01,1.801131e+02,4.076309e+00,1.394762e+00,7.879060e-01,1.174465e+01,3.849633e+00,3.641464e-01,1.332805e+00,8.617552e+00,
1.251243e+00,1.041067e+02,2.310807e-01,4.720892e+01,4.065853e-01,7.987142e-01,1.980385e+00,8.789034e+00,2.936896e+00,2.147762e+01,3.898440e-01,1.774125e+02,4.068401e+00,1.392347e+00,7.868450e-01,1.163952e+01,3.846281e+00,3.633952e-01,1.331164e+00,8.671444e+00,
1.249127e+00,1.024694e+02,2.305638e-01,4.658550e+01,4.057868e-01,7.976111e-01,1.978160e+00,8.764494e+00,2.931684e+00,2.136382e+01,3.905738e-01,1.747724e+02,4.060146e+00,1.389922e+00,7.857937e-01,1.153795e+01,3.842530e+00,3.626297e-01,1.329458e+00,8.722339e+00,
1.246992e+00,1.008627e+02,2.301049e-01,4.597842e+01,4.049872e-01,7.965476e-01,1.975891e+00,8.741164e+00,2.926468e+00,2.125397e+01,3.913809e-01,1.721911e+02,4.052168e+00,1.387540e+00,7.847773e-01,1.144088e+01,3.839237e+00,3.618528e-01,1.329681e+00,8.768711e+00,
1.244902e+00,9.928827e+01,2.296346e-01,4.538580e+01,4.041910e-01,7.955007e-01,1.973544e+00,8.719076e+00,2.924117e+00,2.114675e+01,3.917779e-01,1.696668e+02,4.044233e+00,1.385088e+00,7.837102e-01,1.134852e+01,3.838777e+00,3.610626e-01,1.331716e+00,8.809988e+00,
1.242790e+00,9.774912e+01,2.291883e-01,4.480856e+01,4.033916e-01,7.944234e-01,1.971267e+00,8.700156e+00,2.922328e+00,2.104300e+01,3.918786e-01,1.671986e+02,4.036295e+00,1.382560e+00,7.826111e-01,1.126075e+01,3.838487e+00,3.608768e-01,1.334825e+00,8.844744e+00,
1.240676e+00,9.624350e+01,2.287544e-01,4.424620e+01,4.037929e-01,7.933494e-01,1.969160e+00,8.683167e+00,2.920821e+00,2.094218e+01,3.919340e-01,1.647855e+02,4.028445e+00,1.380095e+00,7.815391e-01,1.117766e+01,3.837863e+00,3.614093e-01,1.343865e+00,8.873013e+00,
1.238564e+00,9.476392e+01,2.282739e-01,4.369795e+01,4.042602e-01,7.923279e-01,1.967028e+00,8.666534e+00,2.920092e+00,2.084474e+01,3.918671e-01,1.624259e+02,4.020492e+00,1.377597e+00,7.804897e-01,1.109980e+01,3.836672e+00,3.612881e-01,1.353433e+00,8.893544e+00,
1.236479e+00,9.331464e+01,2.278915e-01,4.316655e+01,4.046472e-01,7.953124e-01,1.966364e+00,8.650412e+00,2.919757e+00,2.074925e+01,3.934264e-01,1.601136e+02,4.013132e+00,1.375211e+00,7.800961e-01,1.102638e+01,3.841468e+00,3.614375e-01,1.365574e+00,8.906391e+00,
1.234400e+00,9.189968e+01,2.279294e-01,4.266112e+01,4.052356e-01,7.979942e-01,1.965606e+00,8.635468e+00,2.919586e+00,2.065699e+01,3.960762e-01,1.578511e+02,4.005514e+00,1.372763e+00,7.795401e-01,1.095814e+01,3.845264e+00,3.667010e-01,1.376791e+00,8.912790e+00,
1.235518e+00,9.054935e+01,2.297821e-01,4.216885e+01,4.056255e-01,8.013538e-01,1.964657e+00,8.621328e+00,2.922866e+00,2.056770e+01,3.992496e-01,1.556404e+02,3.998254e+00,1.371451e+00,7.789722e-01,1.089437e+01,3.846003e+00,3.721854e-01,1.388037e+00,8.911217e+00,
1.237514e+00,8.927976e+01,2.328496e-01,4.168238e+01,4.059691e-01,8.036259e-01,1.963067e+00,8.609215e+00,2.932607e+00,2.048055e+01,4.016292e-01,1.534811e+02,3.991027e+00,1.371047e+00,7.785022e-01,1.083547e+01,3.844148e+00,3.778639e-01,1.399927e+00,8.904005e+00,
1.239589e+00,8.797372e+01,2.365970e-01,4.120476e+01,4.062278e-01,8.050931e-01,1.961169e+00,8.598254e+00,2.951687e+00,2.039560e+01,4.034403e-01,1.513664e+02,3.983796e+00,1.372051e+00,7.798904e-01,1.078112e+01,3.840553e+00,3.884759e-01,1.413480e+00,8.890469e+00,
1.242877e+00,8.664432e+01,2.403182e-01,4.074034e+01,4.063520e-01,8.060277e-01,1.958938e+00,8.587408e+00,2.978890e+00,2.031323e+01,4.048044e-01,1.492978e+02,3.976310e+00,1.375131e+00,7.807623e-01,1.073099e+01,3.836605e+00,4.031004e-01,1.429523e+00,8.869307e+00,
1.251886e+00,8.535753e+01,2.441645e-01,4.028893e+01,4.063505e-01,8.065774e-01,1.956985e+00,8.576715e+00,3.014100e+00,2.023335e+01,4.057463e-01,1.472695e+02,3.969063e+00,1.380641e+00,7.817307e-01,1.068361e+01,3.832797e+00,4.170593e-01,1.448457e+00,8.840504e+00,
1.272669e+00,8.411279e+01,2.482247e-01,3.984942e+01,4.062025e-01,8.069279e-01,1.955629e+00,8.566869e+00,3.058983e+00,2.015606e+01,4.062150e-01,1.452897e+02,3.961845e+00,1.388164e+00,7.833118e-01,1.063917e+01,3.829113e+00,4.266459e-01,1.470644e+00,8.804965e+00,
1.309353e+00,8.289076e+01,2.520837e-01,3.942113e+01,4.058324e-01,8.070339e-01,1.954847e+00,8.557548e+00,3.114598e+00,2.008166e+01,4.064329e-01,1.433528e+02,3.954936e+00,1.398142e+00,7.855658e-01,1.059614e+01,3.825915e+00,4.308711e-01,1.495316e+00,8.764396e+00,
1.360121e+00,8.169896e+01,2.548279e-01,3.900463e+01,4.053034e-01,8.069389e-01,1.954813e+00,8.548916e+00,3.179336e+00,2.000887e+01,4.064504e-01,1.414573e+02,3.948395e+00,1.412213e+00,7.884142e-01,1.055527e+01,3.823030e+00,4.306332e-01,1.521598e+00,8.719090e+00,
1.417653e+00,8.053004e+01,2.559547e-01,3.860129e+01,4.045652e-01,8.065211e-01,1.955784e+00,8.540792e+00,3.249392e+00,1.993947e+01,4.063386e-01,1.396000e+02,3.942195e+00,1.432171e+00,7.917727e-01,1.051570e+01,3.820303e+00,4.274786e-01,1.547307e+00,8.670567e+00,
1.473419e+00,7.938617e+01,2.552401e-01,3.821218e+01,4.037409e-01,8.057036e-01,1.957943e+00,8.533206e+00,3.319783e+00,1.987116e+01,4.061671e-01,1.377798e+02,3.936330e+00,1.458214e+00,7.956986e-01,1.047741e+01,3.817583e+00,4.225007e-01,1.570820e+00,8.618948e+00,
1.521519e+00,7.826692e+01,2.529269e-01,3.783983e+01,4.029830e-01,8.046820e-01,1.960752e+00,8.526073e+00,3.385745e+00,1.980565e+01,4.058947e-01,1.359980e+02,3.930747e+00,1.487457e+00,8.002498e-01,1.044059e+01,3.814336e+00,4.163941e-01,1.590855e+00,8.565401e+00,
1.560359e+00,7.716861e+01,2.494837e-01,3.748403e+01,4.023119e-01,8.034925e-01,1.963619e+00,8.519499e+00,3.443042e+00,1.974187e+01,4.056045e-01,1.342486e+02,3.925757e+00,1.515713e+00,8.053762e-01,1.040749e+01,3.810660e+00,4.096240e-01,1.606734e+00,8.510440e+00,
1.592062e+00,7.609092e+01,2.455282e-01,3.714752e+01,4.018730e-01,8.022823e-01,1.965610e+00,8.513985e+00,3.489382e+00,1.968059e+01,4.053734e-01,1.325324e+02,3.920852e+00,1.539327e+00,8.110206e-01,1.037874e+01,3.806523e+00,4.025404e-01,1.618798e+00,8.454023e+00,
1.619803e+00,7.503871e+01,2.414076e-01,3.683464e+01,4.017279e-01,8.010027e-01,1.966358e+00,8.509894e+00,3.524688e+00,1.962161e+01,4.052560e-01,1.308493e+02,3.916445e+00,1.556535e+00,8.171129e-01,1.035588e+01,3.801892e+00,3.955063e-01,1.627486e+00,8.397113e+00,
1.645135e+00,7.400437e+01,2.375068e-01,3.654964e+01,4.018311e-01,7.996868e-01,1.965501e+00,8.506806e+00,3.551067e+00,1.956454e+01,4.052579e-01,1.292024e+02,3.912265e+00,1.567299e+00,8.236623e-01,1.033867e+01,3.796457e+00,3.888615e-01,1.633717e+00,8.339431e+00,
1.666666e+00,7.299331e+01,2.340030e-01,3.629792e+01,4.021703e-01,7.983403e-01,1.963199e+00,8.504816e+00,3.571873e+00,1.950956e+01,4.054329e-01,1.275911e+02,3.908669e+00,1.573102e+00,8.308045e-01,1.032735e+01,3.790495e+00,3.827581e-01,1.638486e+00,8.282357e+00,
1.681158e+00,7.200191e+01,2.309323e-01,3.608309e+01,4.026833e-01,7.970617e-01,1.959662e+00,8.503859e+00,3.590161e+00,1.945715e+01,4.056962e-01,1.260213e+02,3.904807e+00,1.575614e+00,8.386834e-01,1.032018e+01,3.783754e+00,3.773336e-01,1.642361e+00,8.226410e+00,
1.685766e+00,7.102963e+01,2.284051e-01,3.590885e+01,4.033394e-01,7.958301e-01,1.955502e+00,8.503519e+00,3.608205e+00,1.940598e+01,4.060558e-01,1.244889e+02,3.901533e+00,1.576168e+00,8.475497e-01,1.031659e+01,3.776488e+00,3.726316e-01,1.646037e+00,8.171093e+00,
1.679475e+00,7.008076e+01,2.263076e-01,3.577806e+01,4.039500e-01,7.947883e-01,1.950958e+00,8.503367e+00,3.627556e+00,1.935761e+01,4.064836e-01,1.230028e+02,3.899041e+00,1.575805e+00,8.575515e-01,1.031419e+01,3.768634e+00,3.687163e-01,1.649671e+00,8.117931e+00,
1.663277e+00,6.915133e+01,2.246123e-01,3.569092e+01,4.043961e-01,7.939228e-01,1.946418e+00,8.503393e+00,3.648006e+00,1.931018e+01,4.069383e-01,1.215538e+02,3.896847e+00,1.574576e+00,8.687040e-01,1.031274e+01,3.760231e+00,3.654127e-01,1.653575e+00,8.066082e+00,
1.639556e+00,6.824409e+01,2.232085e-01,3.564387e+01,4.046468e-01,7.932500e-01,1.942248e+00,8.503391e+00,3.669029e+00,1.926513e+01,4.072480e-01,1.201420e+02,3.895183e+00,1.572498e+00,8.809414e-01,1.031003e+01,3.752035e+00,3.626772e-01,1.657400e+00,8.016789e+00,
1.610907e+00,6.735812e+01,2.220620e-01,3.563342e+01,4.045890e-01,7.928651e-01,1.938424e+00,8.503824e+00,3.688665e+00,1.922270e+01,4.075147e-01,1.187608e+02,3.894069e+00,1.569354e+00,8.941650e-01,1.030657e+01,3.743411e+00,3.604899e-01,1.660945e+00,7.969913e+00,
1.579765e+00,6.649274e+01,2.211150e-01,3.565373e+01,4.042030e-01,7.926753e-01,1.934990e+00,8.504515e+00,3.705178e+00,1.918308e+01,4.077072e-01,1.173998e+02,3.893681e+00,1.564805e+00,9.081429e-01,1.030201e+01,3.734874e+00,3.586767e-01,1.664167e+00,7.925560e+00,
1.547761e+00,6.564920e+01,2.203492e-01,3.569952e+01,4.033583e-01,7.927510e-01,1.932175e+00,8.505684e+00,3.716665e+00,1.914654e+01,4.077249e-01,1.160527e+02,3.893566e+00,1.558616e+00,9.227622e-01,1.029752e+01,3.726537e+00,3.571490e-01,1.666790e+00,7.884167e+00,
1.516269e+00,6.482439e+01,2.196742e-01,3.576270e+01,4.021297e-01,7.931177e-01,1.929785e+00,8.507405e+00,3.721535e+00,1.911439e+01,4.075609e-01,1.147186e+02,3.893845e+00,1.550747e+00,9.379121e-01,1.029270e+01,3.718079e+00,3.558524e-01,1.668807e+00,7.845627e+00,
1.486156e+00,6.401520e+01,2.190623e-01,3.583611e+01,4.005363e-01,7.938294e-01,1.927837e+00,8.509491e+00,3.718834e+00,1.908665e+01,4.072073e-01,1.133912e+02,3.894806e+00,1.541055e+00,9.533815e-01,1.028940e+01,3.709910e+00,3.547070e-01,1.670205e+00,7.809765e+00,
1.457747e+00,6.322813e+01,2.185526e-01,3.591032e+01,3.986141e-01,7.949197e-01,1.926213e+00,8.511681e+00,3.708490e+00,1.906535e+01,4.066552e-01,1.120735e+02,3.895711e+00,1.529691e+00,9.689611e-01,1.028724e+01,3.701830e+00,3.537242e-01,1.670752e+00,7.776461e+00,
1.431273e+00,6.245810e+01,2.180782e-01,3.597227e+01,3.965083e-01,7.964716e-01,1.925036e+00,8.513920e+00,3.690987e+00,1.904971e+01,4.060104e-01,1.107691e+02,3.896850e+00,1.516914e+00,9.841349e-01,1.028573e+01,3.693893e+00,3.527939e-01,1.670672e+00,7.745471e+00,
1.406755e+00,6.170313e+01,2.176089e-01,3.601462e+01,3.942250e-01,7.983838e-01,1.924081e+00,8.516374e+00,3.667167e+00,1.904191e+01,4.053085e-01,1.094747e+02,3.898069e+00,1.503251e+00,9.984473e-01,1.028613e+01,3.686010e+00,3.519088e-01,1.669865e+00,7.716557e+00,
1.384223e+00,6.096665e+01,2.171246e-01,3.602749e+01,3.918613e-01,8.007175e-01,1.923470e+00,8.518185e+00,3.638325e+00,1.904296e+01,4.046114e-01,1.081994e+02,3.899363e+00,1.488968e+00,1.011405e+00,1.028651e+01,3.678351e+00,3.509915e-01,1.668093e+00,7.688382e+00,
1.363522e+00,6.024507e+01,2.166932e-01,3.600288e+01,3.895541e-01,8.034108e-01,1.923110e+00,8.519654e+00,3.605741e+00,1.905198e+01,4.039784e-01,1.069455e+02,3.900424e+00,1.474403e+00,1.022433e+00,1.028772e+01,3.670932e+00,3.500413e-01,1.665854e+00,7.661131e+00,
1.344524e+00,5.954130e+01,2.162526e-01,3.594075e+01,3.872999e-01,8.063049e-01,1.922999e+00,8.520918e+00,3.570702e+00,1.907027e+01,4.034415e-01,1.057126e+02,3.900968e+00,1.460069e+00,1.031148e+00,1.028944e+01,3.663644e+00,3.490684e-01,1.662947e+00,7.634296e+00,
1.327115e+00,5.885038e+01,2.158696e-01,3.584513e+01,3.852176e-01,8.092273e-01,1.923262e+00,8.521502e+00,3.534351e+00,1.909663e+01,4.030412e-01,1.045039e+02,3.901312e+00,1.446256e+00,1.037384e+00,1.029195e+01,3.656545e+00,3.480636e-01,1.659757e+00,7.607525e+00,
1.311284e+00,5.817276e+01,2.154518e-01,3.572058e+01,3.833424e-01,8.120582e-01,1.923937e+00,8.521703e+00,3.497640e+00,1.912978e+01,4.027801e-01,1.033190e+02,3.900718e+00,1.433196e+00,1.041102e+00,1.029582e+01,3.649502e+00,3.470276e-01,1.656283e+00,7.580395e+00,
1.296853e+00,5.751321e+01,2.150545e-01,3.557664e+01,3.815983e-01,8.146092e-01,1.925004e+00,8.520937e+00,3.460941e+00,1.916838e+01,4.026487e-01,1.021614e+02,3.899151e+00,1.421096e+00,1.042392e+00,1.030072e+01,3.642527e+00,3.459789e-01,1.652649e+00,7.553199e+00,
1.283728e+00,5.686385e+01,2.146320e-01,3.541752e+01,3.799709e-01,8.167883e-01,1.926484e+00,8.519314e+00,3.424951e+00,1.921062e+01,4.026332e-01,1.010277e+02,3.896490e+00,1.410028e+00,1.041654e+00,1.030840e+01,3.635637e+00,3.448932e-01,1.649254e+00,7.526022e+00,
1.271844e+00,5.623367e+01,2.142211e-01,3.525208e+01,3.784368e-01,8.185335e-01,1.928324e+00,8.516933e+00,3.390059e+00,1.925311e+01,4.026671e-01,9.992076e+01,3.892354e+00,1.400076e+00,1.039258e+00,1.031779e+01,3.628741e+00,3.437768e-01,1.646127e+00,7.498768e+00,
1.261173e+00,5.561595e+01,2.138198e-01,3.507920e+01,3.770822e-01,8.198202e-01,1.930618e+00,8.514004e+00,3.355951e+00,1.929432e+01,4.027299e-01,9.883686e+01,3.886584e+00,1.391284e+00,1.035534e+00,1.033162e+01,3.622024e+00,3.426967e-01,1.643442e+00,7.471344e+00,
1.251550e+00,5.501106e+01,2.133780e-01,3.489662e+01,3.758327e-01,8.206156e-01,1.933405e+00,8.510372e+00,3.322968e+00,1.933199e+01,4.028113e-01,9.777802e+01,3.879489e+00,1.383541e+00,1.030968e+00,1.034816e+01,3.615519e+00,3.416175e-01,1.641316e+00,7.445071e+00,
1.242915e+00,5.442084e+01,2.129740e-01,3.470264e+01,3.746903e-01,8.210174e-01,1.936590e+00,8.506084e+00,3.290961e+00,1.936424e+01,4.028643e-01,9.674527e+01,3.870906e+00,1.376777e+00,1.025894e+00,1.036850e+01,3.609012e+00,3.405478e-01,1.639712e+00,7.419180e+00,
1.235070e+00,5.384093e+01,2.126003e-01,3.449282e+01,3.736438e-01,8.210883e-01,1.940195e+00,8.501462e+00,3.259918e+00,1.938918e+01,4.028724e-01,9.573514e+01,3.860868e+00,1.370951e+00,1.020576e+00,1.039220e+01,3.602701e+00,3.394868e-01,1.638599e+00,7.395062e+00,
1.228069e+00,5.327537e+01,2.122231e-01,3.426197e+01,3.726695e-01,8.208734e-01,1.944344e+00,8.496029e+00,3.230161e+00,1.940600e+01,4.027358e-01,9.474986e+01,3.850024e+00,1.365877e+00,1.015172e+00,1.041959e+01,3.596664e+00,3.384806e-01,1.637699e+00,7.373005e+00,
1.221757e+00,5.272030e+01,2.118033e-01,3.401009e+01,3.717205e-01,8.206270e-01,1.948716e+00,8.490004e+00,3.201223e+00,1.941549e+01,4.024377e-01,9.378735e+01,3.837985e+00,1.361369e+00,1.009731e+00,1.044948e+01,3.590908e+00,3.375453e-01,1.636925e+00,7.352814e+00,
1.216127e+00,5.217592e+01,2.114256e-01,3.373566e+01,3.708187e-01,8.203864e-01,1.953400e+00,8.484106e+00,3.173350e+00,1.941657e+01,4.019904e-01,9.284740e+01,3.825447e+00,1.357390e+00,1.004251e+00,1.048172e+01,3.585328e+00,3.366545e-01,1.636019e+00,7.334908e+00,
1.211009e+00,5.164423e+01,2.110020e-01,3.343839e+01,3.699621e-01,8.203152e-01,1.958308e+00,8.477896e+00,3.146718e+00,1.940978e+01,4.014040e-01,9.193265e+01,3.812140e+00,1.353694e+00,9.986635e-01,1.051615e+01,3.580303e+00,3.357817e-01,1.634834e+00,7.320234e+00,
1.206333e+00,5.112202e+01,2.106439e-01,3.313086e+01,3.691202e-01,8.221176e-01,1.964468e+00,8.471762e+00,3.121079e+00,1.939767e+01,4.006877e-01,9.104221e+01,3.798646e+00,1.350179e+00,9.928390e-01,1.055145e+01,3.575983e+00,3.349484e-01,1.633369e+00,7.307936e+00,
1.202086e+00,5.060850e+01,2.102582e-01,3.280968e+01,3.683246e-01,8.267595e-01,1.969886e+00,8.468376e+00,3.096825e+00,1.937964e+01,4.002999e-01,9.017364e+01,3.785010e+00,1.346787e+00,9.868337e-01,1.058708e+01,3.572400e+00,3.341067e-01,1.631726e+00,7.297997e+00,
1.198185e+00,5.010635e+01,2.098656e-01,3.248693e+01,3.675820e-01,8.345061e-01,1.975988e+00,8.471851e+00,3.073818e+00,1.935794e+01,3.999566e-01,8.932972e+01,3.771401e+00,1.343491e+00,9.807104e-01,1.062193e+01,3.571094e+00,3.332626e-01,1.629781e+00,7.290596e+00,
1.194576e+00,4.961364e+01,2.094578e-01,3.216352e+01,3.667785e-01,8.432002e-01,1.981610e+00,8.480034e+00,3.052108e+00,1.933267e+01,3.998081e-01,8.850807e+01,3.758254e+00,1.340178e+00,9.742951e-01,1.065515e+01,3.570638e+00,3.324853e-01,1.627310e+00,7.284849e+00,
1.191265e+00,4.912949e+01,2.090310e-01,3.184207e+01,3.660538e-01,8.519570e-01,1.986946e+00,8.493291e+00,3.031879e+00,1.930528e+01,3.997449e-01,8.770997e+01,3.745445e+00,1.336704e+00,9.675388e-01,1.068590e+01,3.571707e+00,3.317106e-01,1.624679e+00,7.280288e+00,
1.188111e+00,4.865593e+01,2.085944e-01,3.153440e+01,3.653429e-01,8.625124e-01,1.992592e+00,8.510118e+00,3.012974e+00,1.927474e+01,3.996282e-01,8.693589e+01,3.732779e+00,1.333129e+00,9.603468e-01,1.071386e+01,3.574375e+00,3.309181e-01,1.621751e+00,7.276485e+00,
1.185156e+00,4.818980e+01,2.081248e-01,3.124581e+01,3.647133e-01,8.774033e-01,1.999632e+00,8.527779e+00,2.995624e+00,1.924366e+01,3.994519e-01,8.618188e+01,3.720690e+00,1.329458e+00,9.525378e-01,1.073792e+01,3.579021e+00,3.301847e-01,1.618803e+00,7.273049e+00,
1.182412e+00,4.773316e+01,2.077045e-01,3.098289e+01,3.640797e-01,9.038855e-01,2.009166e+00,8.546438e+00,2.979622e+00,1.921158e+01,3.993019e-01,8.544878e+01,3.709107e+00,1.325651e+00,9.441835e-01,1.075815e+01,3.585618e+00,3.294773e-01,1.615433e+00,7.269758e+00,
1.179833e+00,4.728689e+01,2.072929e-01,3.075305e+01,3.635270e-01,9.640056e-01,2.022710e+00,8.565370e+00,2.965010e+00,1.917873e+01,3.993034e-01,8.473416e+01,3.697788e+00,1.321819e+00,9.353471e-01,1.077369e+01,3.594119e+00,3.287810e-01,1.611277e+00,7.265496e+00,
1.177267e+00,4.685173e+01,2.068902e-01,3.056043e+01,3.629449e-01,1.086475e+00,2.041448e+00,8.583741e+00,2.951661e+00,1.914654e+01,3.995645e-01,8.403845e+01,3.686659e+00,1.317960e+00,9.261391e-01,1.078373e+01,3.604212e+00,3.280777e-01,1.605915e+00,7.260568e+00,
1.174999e+00,4.642354e+01,2.065042e-01,3.039181e+01,3.623837e-01,1.263239e+00,2.065439e+00,8.601148e+00,2.939485e+00,1.911487e+01,4.000866e-01,8.335813e+01,3.676003e+00,1.313951e+00,9.168875e-01,1.078898e+01,3.615863e+00,3.273800e-01,1.599124e+00,7.255073e+00,
1.172648e+00,4.600668e+01,2.061047e-01,3.022791e+01,3.617872e-01,1.457861e+00,2.092806e+00,8.618861e+00,2.928430e+00,1.908310e+01,4.009232e-01,8.269116e+01,3.665802e+00,1.310145e+00,9.076445e-01,1.078894e+01,3.628736e+00,3.267075e-01,1.590851e+00,7.248259e+00,
1.170423e+00,4.559966e+01,2.057320e-01,3.005574e+01,3.612863e-01,1.665366e+00,2.119690e+00,8.639940e+00,2.918399e+00,1.905178e+01,4.019048e-01,8.203842e+01,3.655836e+00,1.306436e+00,8.986289e-01,1.078342e+01,3.642771e+00,3.260483e-01,1.581299e+00,7.240362e+00,
1.168313e+00,4.520504e+01,2.053138e-01,2.987673e+01,3.607422e-01,1.851966e+00,2.142193e+00,8.665616e+00,2.909246e+00,1.902135e+01,4.029957e-01,8.139572e+01,3.645932e+00,1.302805e+00,8.899263e-01,1.077277e+01,3.657943e+00,3.253818e-01,1.570826e+00,7.231598e+00,
1.166082e+00,4.482249e+01,2.048499e-01,2.970248e+01,3.602020e-01,1.945043e+00,2.157349e+00,8.697364e+00,2.901022e+00,1.899208e+01,4.040595e-01,8.076347e+01,3.636152e+00,1.299266e+00,8.817643e-01,1.075739e+01,3.674142e+00,3.246896e-01,1.559771e+00,7.221403e+00,
1.163999e+00,4.445303e+01,2.044128e-01,2.954738e+01,3.596007e-01,1.933173e+00,2.164065e+00,8.735909e+00,2.893371e+00,1.896304e+01,4.051208e-01,8.014183e+01,3.626547e+00,1.295839e+00,8.742652e-01,1.073680e+01,3.691175e+00,3.239972e-01,1.548482e+00,7.209949e+00,
1.161959e+00,4.409824e+01,2.040222e-01,2.942530e+01,3.590655e-01,1.859091e+00,2.163669e+00,8.780548e+00,2.886451e+00,1.893530e+01,4.061905e-01,7.952802e+01,3.617036e+00,1.292471e+00,8.676150e-01,1.071211e+01,3.709102e+00,3.233215e-01,1.537115e+00,7.197601e+00,
1.160049e+00,4.375543e+01,2.036384e-01,2.934273e+01,3.584986e-01,1.767495e+00,2.158669e+00,8.828614e+00,2.880026e+00,1.890778e+01,4.072345e-01,7.892172e+01,3.607519e+00,1.289153e+00,8.620309e-01,1.068299e+01,3.727865e+00,3.226623e-01,1.525862e+00,7.184186e+00,
1.158114e+00,4.342910e+01,2.032500e-01,2.930025e+01,3.578749e-01,1.686504e+00,2.151870e+00,8.877558e+00,2.874076e+00,1.888066e+01,4.082889e-01,7.832244e+01,3.598077e+00,1.286088e+00,8.578362e-01,1.065018e+01,3.747599e+00,3.220037e-01,1.514958e+00,7.169674e+00,
1.156190e+00,4.311806e+01,2.028904e-01,2.929217e+01,3.571661e-01,1.629998e+00,2.145890e+00,8.923465e+00,2.868414e+00,1.885362e+01,4.093679e-01,7.773100e+01,3.588609e+00,1.282937e+00,8.554625e-01,1.061372e+01,3.768501e+00,3.213302e-01,1.504220e+00,7.154089e+00,
1.154317e+00,4.282381e+01,2.024976e-01,2.930743e+01,3.564069e-01,1.602790e+00,2.142323e+00,8.963547e+00,2.863113e+00,1.882709e+01,4.104504e-01,7.714783e+01,3.579375e+00,1.280079e+00,8.552901e-01,1.057407e+01,3.790145e+00,3.206607e-01,1.493814e+00,7.137738e+00,
1.152488e+00,4.255177e+01,2.020802e-01,2.933426e+01,3.556344e-01,1.603418e+00,2.142130e+00,8.995661e+00,2.857821e+00,1.879974e+01,4.115178e-01,7.657045e+01,3.569853e+00,1.277303e+00,8.576425e-01,1.053181e+01,3.812510e+00,3.200537e-01,1.483880e+00,7.120236e+00,
1.150608e+00,4.229910e+01,2.017424e-01,2.935912e+01,3.548472e-01,1.625689e+00,2.145246e+00,9.018137e+00,2.852744e+00,1.877285e+01,4.125878e-01,7.600114e+01,3.560487e+00,1.274501e+00,8.628530e-01,1.048715e+01,3.835150e+00,3.194480e-01,1.474226e+00,7.102221e+00,
1.148781e+00,4.206590e+01,2.013171e-01,2.937580e+01,3.541500e-01,1.659619e+00,2.151323e+00,9.030533e+00,2.847546e+00,1.874608e+01,4.136714e-01,7.543920e+01,3.551224e+00,1.271964e+00,8.707989e-01,1.044093e+01,3.857369e+00,3.188193e-01,1.465028e+00,7.084217e+00,
1.146937e+00,4.185532e+01,2.009323e-01,2.938084e+01,3.534099e-01,1.694019e+00,2.159474e+00,9.033972e+00,2.842493e+00,1.871872e+01,4.146851e-01,7.488401e+01,3.542133e+00,1.269535e+00,8.811841e-01,1.039324e+01,3.878751e+00,3.182211e-01,1.456190e+00,7.065724e+00,
1.145019e+00,4.166849e+01,2.006157e-01,2.937321e+01,3.526949e-01,1.719332e+00,2.169137e+00,9.029797e+00,2.837264e+00,1.869137e+01,4.156143e-01,7.433839e+01,3.533066e+00,1.266877e+00,8.935012e-01,1.034476e+01,3.898062e+00,3.176103e-01,1.447883e+00,7.047107e+00,
1.143172e+00,4.150320e+01,2.003880e-01,2.935622e+01,3.520173e-01,1.729549e+00,2.179669e+00,9.019280e+00,2.831875e+00,1.866407e+01,4.164316e-01,7.380122e+01,3.523910e+00,1.264472e+00,9.070581e-01,1.029540e+01,3.914839e+00,3.169871e-01,1.439909e+00,7.028863e+00,
1.141276e+00,4.135920e+01,2.001241e-01,2.933336e+01,3.513066e-01,1.722728e+00,2.190958e+00,9.005100e+00,2.826342e+00,1.863733e+01,4.171389e-01,7.327125e+01,3.515053e+00,1.262105e+00,9.210734e-01,1.024572e+01,3.928509e+00,3.163571e-01,1.432289e+00,7.011060e+00,
1.139381e+00,4.123705e+01,1.998744e-01,2.930774e+01,3.505981e-01,1.699980e+00,2.203278e+00,8.988593e+00,2.820688e+00,1.861102e+01,4.177456e-01,7.274889e+01,3.506179e+00,1.259757e+00,9.348225e-01,1.019582e+01,3.938166e+00,3.157092e-01,1.424943e+00,6.993853e+00,
1.137530e+00,4.112956e+01,1.995887e-01,2.928156e+01,3.498949e-01,1.664338e+00,2.217375e+00,8.970769e+00,2.814920e+00,1.858573e+01,4.182423e-01,7.223457e+01,3.497518e+00,1.257439e+00,9.476543e-01,1.014622e+01,3.943505e+00,3.150719e-01,1.417815e+00,6.977033e+00,
1.135782e+00,4.104266e+01,1.992764e-01,2.925531e+01,3.492130e-01,1.619545e+00,2.234517e+00,8.952666e+00,2.808941e+00,1.856220e+01,4.186836e-01,7.172890e+01,3.488996e+00,1.255087e+00,9.590368e-01,1.009693e+01,3.944282e+00,3.144287e-01,1.411078e+00,6.960845e+00,
1.133969e+00,4.096637e+01,2.079763e-01,2.922818e+01,3.643745e-01,1.569175e+00,2.256251e+00,8.934290e+00,2.813419e+00,1.854684e+01,4.190404e-01,7.123320e+01,3.480657e+00,1.252832e+00,9.686329e-01,1.004837e+01,3.942234e+00,3.296149e-01,1.404734e+00,6.945657e+00,
1.141857e+00,4.091222e+01,2.229434e-01,2.922148e+01,4.262673e-01,1.516337e+00,2.291371e+00,8.929095e+00,2.828037e+00,1.853595e+01,4.193370e-01,7.074704e+01,3.482450e+00,1.266209e+00,9.762310e-01,1.000771e+01,3.954756e+00,3.414620e-01,1.417827e+00,6.942101e+00,
1.155273e+00,4.085874e+01,2.442915e-01,2.925217e+01,5.484670e-01,1.463639e+00,2.336183e+00,8.931768e+00,2.844820e+00,1.853351e+01,4.196400e-01,7.027128e+01,3.486769e+00,1.281757e+00,9.817837e-01,9.975859e+00,3.968066e+00,3.534620e-01,1.436707e+00,6.951517e+00,
1.164799e+00,4.081669e+01,2.652173e-01,2.928939e+01,7.365887e-01,1.412956e+00,2.394467e+00,8.926163e+00,2.862600e+00,1.853947e+01,4.199186e-01,6.980746e+01,3.494241e+00,1.295809e+00,9.853991e-01,9.949388e+00,3.978148e+00,3.712043e-01,1.462150e+00,6.962633e+00,
1.171962e+00,4.078202e+01,2.839298e-01,2.927027e+01,9.903830e-01,1.366184e+00,2.460386e+00,8.915043e+00,2.880320e+00,1.854817e+01,4.201911e-01,6.935051e+01,3.506693e+00,1.311793e+00,9.873367e-01,9.942685e+00,3.979421e+00,3.919847e-01,1.489816e+00,6.984421e+00,
1.183805e+00,4.074644e+01,3.009071e-01,2.923665e+01,1.289939e+00,1.323359e+00,2.532425e+00,8.900657e+00,2.897462e+00,1.856104e+01,4.204784e-01,6.890469e+01,3.514226e+00,1.329015e+00,9.878086e-01,9.969640e+00,3.973350e+00,4.112591e-01,1.520767e+00,7.002883e+00,
1.202973e+00,4.071054e+01,3.169402e-01,2.920307e+01,1.522400e+00,1.285198e+00,2.607322e+00,8.881029e+00,2.915191e+00,1.857830e+01,4.207793e-01,6.846994e+01,3.514034e+00,1.345841e+00,9.872800e-01,1.001348e+01,3.962325e+00,4.273780e-01,1.554690e+00,7.011452e+00,
1.229511e+00,4.067567e+01,3.307056e-01,2.916204e+01,1.652780e+00,1.251712e+00,2.676442e+00,8.856728e+00,2.935513e+00,1.859969e+01,4.210348e-01,6.804691e+01,3.511322e+00,1.361530e+00,9.860963e-01,1.004863e+01,3.947145e+00,4.409369e-01,1.588881e+00,7.012468e+00,
1.262444e+00,4.063776e+01,3.395239e-01,2.912876e+01,1.751514e+00,1.223054e+00,2.732923e+00,8.829474e+00,2.959765e+00,1.862447e+01,4.212255e-01,6.763456e+01,3.510954e+00,1.377327e+00,9.846771e-01,1.005685e+01,3.929292e+00,4.529048e-01,1.622289e+00,7.010674e+00,
1.300045e+00,4.059978e+01,3.415740e-01,2.911253e+01,1.875563e+00,1.199173e+00,2.770538e+00,8.799704e+00,2.988595e+00,1.865161e+01,4.213123e-01,6.723474e+01,3.515885e+00,1.395691e+00,9.832538e-01,1.003362e+01,3.910210e+00,4.635005e-01,1.655018e+00,7.009438e+00,
1.340155e+00,4.055541e+01,3.369127e-01,2.911555e+01,1.996123e+00,1.179747e+00,2.785367e+00,8.769295e+00,3.022023e+00,1.868138e+01,4.212485e-01,6.684521e+01,3.526939e+00,1.417121e+00,9.821137e-01,9.991764e+00,3.891768e+00,4.717441e-01,1.686558e+00,7.009794e+00,
1.381258e+00,4.051012e+01,3.272048e-01,2.912749e+01,2.046449e+00,1.164396e+00,2.777287e+00,8.738972e+00,3.059974e+00,1.871350e+01,4.210197e-01,6.646783e+01,3.543739e+00,1.439911e+00,9.812852e-01,9.952754e+00,3.876444e+00,4.763423e-01,1.716600e+00,7.011469e+00,
1.422925e+00,4.045517e+01,3.145400e-01,2.913581e+01,2.005365e+00,1.152699e+00,2.748675e+00,8.710499e+00,3.101837e+00,1.874850e+01,4.205706e-01,6.610316e+01,3.565865e+00,1.461512e+00,9.807322e-01,9.933188e+00,3.865163e+00,4.763950e-01,1.743627e+00,7.014163e+00,
1.465121e+00,4.039531e+01,3.008465e-01,2.913017e+01,1.899738e+00,1.144166e+00,2.704412e+00,8.685220e+00,3.146302e+00,1.878592e+01,4.198928e-01,6.575069e+01,3.592011e+00,1.480225e+00,9.803093e-01,9.937067e+00,3.856810e+00,4.720480e-01,1.767933e+00,7.017998e+00,
1.507905e+00,4.032604e+01,2.875328e-01,2.910863e+01,1.765202e+00,1.138268e+00,2.650076e+00,8.663975e+00,3.191895e+00,1.882587e+01,4.189773e-01,6.541523e+01,3.620344e+00,1.495693e+00,9.797351e-01,9.955398e+00,3.849804e+00,4.643666e-01,1.790024e+00,7.023557e+00,
1.549505e+00,4.024260e+01,2.754918e-01,2.907759e+01,1.626002e+00,1.134516e+00,2.590851e+00,8.648171e+00,3.237082e+00,1.886815e+01,4.178417e-01,6.509593e+01,3.648829e+00,1.508503e+00,9.787702e-01,9.972609e+00,3.844707e+00,4.550464e-01,1.810343e+00,7.031212e+00,
1.586895e+00,4.014590e+01,2.651269e-01,2.904455e+01,1.492637e+00,1.132333e+00,2.530403e+00,8.637899e+00,3.280698e+00,1.891129e+01,4.164862e-01,6.479440e+01,3.675820e+00,1.519781e+00,9.772578e-01,9.976831e+00,3.843549e+00,4.460971e-01,1.829357e+00,7.040786e+00,
1.616735e+00,4.002971e+01,2.565915e-01,2.901696e+01,1.368321e+00,1.131176e+00,2.471546e+00,8.632879e+00,3.322353e+00,1.895456e+01,4.149263e-01,6.451437e+01,3.699560e+00,1.530376e+00,9.748911e-01,9.964163e+00,3.848479e+00,4.399976e-01,1.847376e+00,7.053351e+00,
1.636824e+00,3.989570e+01,2.499042e-01,2.899988e+01,1.252824e+00,1.130589e+00,2.415924e+00,8.633184e+00,3.362099e+00,1.899764e+01,4.131858e-01,6.425617e+01,3.719392e+00,1.540752e+00,9.715659e-01,9.938152e+00,3.860371e+00,4.402429e-01,1.863463e+00,7.067952e+00,
1.646679e+00,3.974230e+01,2.447260e-01,2.899492e+01,1.145688e+00,1.129981e+00,2.364576e+00,8.638355e+00,3.400463e+00,1.903909e+01,4.112006e-01,6.402243e+01,3.734576e+00,1.551131e+00,9.671956e-01,9.905862e+00,3.877483e+00,4.523600e-01,1.877858e+00,7.083678e+00,
1.647244e+00,3.957219e+01,2.407775e-01,2.900030e+01,1.046872e+00,1.128969e+00,2.318005e+00,8.646861e+00,3.437793e+00,1.907842e+01,4.091173e-01,6.381357e+01,3.745771e+00,1.560645e+00,9.617420e-01,9.874330e+00,3.895605e+00,4.848114e-01,1.890358e+00,7.099671e+00,
1.650454e+00,3.938504e+01,2.376938e-01,2.901258e+01,9.565406e-01,1.127323e+00,2.276217e+00,8.658704e+00,3.474083e+00,1.911559e+01,4.068738e-01,6.362985e+01,3.753114e+00,1.569040e+00,9.552639e-01,9.847100e+00,3.910183e+00,5.472863e-01,1.901503e+00,7.114768e+00,
1.655475e+00,3.918546e+01,2.351056e-01,2.902516e+01,8.750626e-01,1.124888e+00,2.239040e+00,8.672967e+00,3.512731e+00,1.914896e+01,4.045789e-01,6.347281e+01,3.758801e+00,1.575722e+00,9.478629e-01,9.825430e+00,3.918220e+00,6.433626e-01,1.911785e+00,7.130573e+00,
1.654360e+00,3.897464e+01,2.378535e-01,2.903384e+01,8.126681e-01,1.121472e+00,2.206270e+00,8.688842e+00,3.560871e+00,1.918122e+01,4.022902e-01,6.334315e+01,3.761709e+00,1.581777e+00,9.396429e-01,9.807454e+00,3.926290e+00,7.640117e-01,1.921091e+00,7.144633e+00,
1.657753e+00,3.890855e+01,2.478403e-01,2.903357e+01,7.829126e-01,1.118926e+00,2.177678e+00,8.708518e+00,3.629936e+00,1.921554e+01,3.999988e-01,6.325945e+01,3.763544e+00,1.587206e+00,9.307815e-01,9.794044e+00,3.936563e+00,9.054553e-01,1.932432e+00,7.158198e+00,
1.679887e+00,3.888250e+01,2.639623e-01,2.909968e+01,7.872501e-01,1.138041e+00,2.170220e+00,8.778827e+00,3.715067e+00,1.925130e+01,4.133163e-01,6.319309e+01,3.765750e+00,1.591782e+00,9.288416e-01,9.784815e+00,3.951547e+00,1.000342e+00,1.942991e+00,7.174878e+00,
1.718412e+00,3.858138e+01,2.820281e-01,2.937407e+01,8.191015e-01,1.144060e+00,2.244090e+00,8.861156e+00,3.804938e+00,1.929529e+01,4.433109e-01,6.316172e+01,3.769966e+00,1.593883e+00,9.227576e-01,9.782309e+00,3.972856e+00,1.064360e+00,1.951115e+00,7.195864e+00,
1.765554e+00,3.831688e+01,2.977131e-01,2.972989e+01,8.827778e-01,1.192993e+00,2.552496e+00,8.889518e+00,3.889862e+00,1.935059e+01,4.808115e-01,6.316020e+01,3.775197e+00,1.594840e+00,9.244204e-01,9.787444e+00,4.004058e+00,1.096475e+00,1.957055e+00,7.226170e+00,
1.819536e+00,3.810141e+01,3.108118e-01,2.980598e+01,9.896824e-01,1.206782e+00,3.102727e+00,8.911752e+00,3.972135e+00,1.941962e+01,5.062493e-01,6.319611e+01,3.783575e+00,1.595846e+00,1.066289e+00,9.800852e+00,4.048367e+00,1.093933e+00,1.968987e+00,7.259116e+00,
1.875642e+00,3.790575e+01,3.232693e-01,2.985320e+01,1.113696e+00,1.233072e+00,3.612859e+00,8.935737e+00,4.064544e+00,1.950265e+01,5.212097e-01,6.328608e+01,3.795393e+00,1.596957e+00,1.510286e+00,9.823140e+00,4.107197e+00,1.073922e+00,1.991363e+00,7.296602e+00,
1.929217e+00,3.772220e+01,3.350124e-01,2.994879e+01,1.206822e+00,1.253165e+00,3.953930e+00,8.957850e+00,4.181214e+00,1.959684e+01,5.286587e-01,6.345074e+01,3.811259e+00,1.598551e+00,1.939519e+00,9.853852e+00,4.181900e+00,1.029815e+00,2.016427e+00,7.340299e+00,
1.980447e+00,3.754518e+01,3.437714e-01,3.009703e+01,1.260141e+00,1.270711e+00,4.218548e+00,8.988680e+00,4.326380e+00,1.970016e+01,5.300155e-01,6.370604e+01,3.832303e+00,1.601591e+00,2.143545e+00,9.892823e+00,4.281072e+00,9.811962e-01,2.039932e+00,7.389873e+00,
2.032295e+00,3.737351e+01,3.470610e-01,3.030739e+01,1.300762e+00,1.321602e+00,4.403716e+00,9.030863e+00,4.489991e+00,1.981331e+01,5.269887e-01,6.406698e+01,3.857632e+00,1.607261e+00,2.223536e+00,9.938373e+00,4.424862e+00,9.341646e-01,2.063153e+00,7.445580e+00,
2.085789e+00,3.720872e+01,3.440498e-01,3.056025e+01,1.358937e+00,1.489901e+00,4.494194e+00,9.082261e+00,4.655859e+00,1.993541e+01,5.204930e-01,6.453834e+01,3.886785e+00,1.616421e+00,2.188859e+00,9.989841e+00,4.639072e+00,8.887659e-01,2.086586e+00,7.506875e+00,
2.137103e+00,3.704787e+01,3.358057e-01,3.081791e+01,1.443989e+00,1.815698e+00,4.511229e+00,9.142439e+00,4.813410e+00,2.006121e+01,5.122995e-01,6.511961e+01,3.918670e+00,1.629450e+00,2.084827e+00,1.004391e+01,4.951447e+00,8.432709e-01,2.110617e+00,7.572995e+00,
2.183431e+00,3.689448e+01,3.242261e-01,3.106087e+01,1.535854e+00,2.153624e+00,4.461702e+00,9.211697e+00,4.958805e+00,2.017979e+01,5.038214e-01,6.583160e+01,3.952366e+00,1.645942e+00,1.974324e+00,1.009852e+01,5.393636e+00,8.025458e-01,2.135749e+00,7.642467e+00,
2.214268e+00,3.675013e+01,3.112493e-01,3.129744e+01,1.604027e+00,2.339245e+00,4.338417e+00,9.288734e+00,5.091923e+00,2.028186e+01,4.954886e-01,6.676674e+01,3.985587e+00,1.664840e+00,1.888677e+00,1.015255e+01,5.991645e+00,7.566571e-01,2.161347e+00,7.711357e+00,
2.226064e+00,3.661654e+01,2.983187e-01,3.154206e+01,1.628981e+00,2.353956e+00,4.155370e+00,9.371750e+00,5.211309e+00,2.036185e+01,4.870977e-01,6.805325e+01,4.016767e+00,1.685024e+00,1.829163e+00,1.020588e+01,6.757771e+00,7.148048e-01,2.187536e+00,7.778221e+00,
2.222535e+00,3.649359e+01,2.863343e-01,3.180164e+01,1.607643e+00,2.260526e+00,3.953186e+00,9.458634e+00,5.313666e+00,2.041835e+01,4.784575e-01,6.970482e+01,4.044467e+00,1.705470e+00,1.787419e+00,1.025970e+01,7.722423e+00,6.773334e-01,2.213422e+00,7.842228e+00,
2.207272e+00,3.638132e+01,2.758645e-01,3.207084e+01,1.547375e+00,2.120000e+00,3.782250e+00,9.548518e+00,5.397816e+00,2.045263e+01,4.695632e-01,7.152164e+01,4.067152e+00,1.725737e+00,1.757280e+00,1.031112e+01,8.933837e+00,6.443076e-01,2.239909e+00,7.906859e+00,
2.183861e+00,3.628099e+01,2.669772e-01,3.233506e+01,1.459884e+00,1.969560e+00,3.689387e+00,9.641892e+00,5.468027e+00,2.046876e+01,4.604770e-01,7.318130e+01,4.084324e+00,1.744050e+00,1.736067e+00,1.035734e+01,1.033674e+01,6.166189e-01,2.267323e+00,7.974095e+00,
2.155598e+00,3.619318e+01,2.596851e-01,3.258098e+01,1.357162e+00,1.827391e+00,3.716176e+00,9.745458e+00,5.532445e+00,2.047136e+01,4.515328e-01,7.443302e+01,4.095454e+00,1.760869e+00,1.721738e+00,1.039663e+01,1.168291e+01,5.952302e-01,2.296845e+00,8.043024e+00,
2.125725e+00,3.612044e+01,2.537518e-01,3.279391e+01,1.257226e+00,1.700449e+00,3.878863e+00,9.927396e+00,5.598439e+00,2.046410e+01,4.430716e-01,7.518181e+01,4.100752e+00,1.775558e+00,1.744587e+00,1.042487e+01,1.268826e+01,5.827370e-01,2.328483e+00,8.113801e+00,
2.096275e+00,3.606540e+01,2.489911e-01,3.297151e+01,1.182304e+00,1.591017e+00,4.174013e+00,1.014629e+01,5.669422e+00,2.044977e+01,4.686202e-01,7.546483e+01,4.101015e+00,1.787069e+00,1.795655e+00,1.044363e+01,1.324121e+01,5.792177e-01,2.393833e+00,8.185178e+00,
2.067806e+00,3.602351e+01,2.451689e-01,3.311139e+01,1.242488e+00,1.497698e+00,4.633080e+00,1.026650e+01,5.744167e+00,2.043248e+01,7.266389e-01,7.537994e+01,4.096825e+00,1.794428e+00,2.010341e+00,1.045437e+01,1.341741e+01,5.889471e-01,2.492815e+00,8.253651e+00,
2.040035e+00,3.599949e+01,2.419365e-01,3.322431e+01,2.274235e+00,1.419950e+00,5.161348e+00,1.035872e+01,5.817773e+00,2.041118e+01,1.279205e+00,7.503369e+01,4.089858e+00,1.797087e+00,2.269005e+00,1.045820e+01,1.336605e+01,6.172685e-01,2.596848e+00,8.317853e+00,
2.012141e+00,3.599252e+01,2.391180e-01,3.332685e+01,4.505696e+00,1.355327e+00,5.501131e+00,1.045497e+01,5.886316e+00,2.038483e+01,1.798681e+00,7.451906e+01,4.081515e+00,1.794964e+00,2.414375e+00,1.045791e+01,1.322353e+01,6.675923e-01,2.690244e+00,8.377811e+00,
1.983348e+00,3.600063e+01,2.366040e-01,3.343528e+01,5.918301e+00,1.301727e+00,5.640258e+00,1.055763e+01,5.947248e+00,2.035122e+01,2.133384e+00,7.390015e+01,4.073807e+00,1.788630e+00,2.514585e+00,1.045583e+01,1.307894e+01,7.371416e-01,2.775365e+00,8.432892e+00,
1.954007e+00,3.602277e+01,2.343487e-01,3.356782e+01,5.610545e+00,1.259396e+00,5.685602e+00,1.066605e+01,6.000715e+00,2.030871e+01,2.146614e+00,7.322480e+01,4.068547e+00,1.779279e+00,2.517334e+00,1.045663e+01,1.296930e+01,8.152958e-01,2.851627e+00,8.483198e+00,
1.925189e+00,3.605608e+01,2.322334e-01,3.374587e+01,4.627309e+00,1.234606e+00,5.730854e+00,1.078026e+01,6.048577e+00,2.025509e+01,1.946284e+00,7.252259e+01,4.068401e+00,1.768303e+00,2.423130e+00,1.046723e+01,1.288879e+01,8.872561e-01,2.919067e+00,8.526952e+00,
1.898423e+00,3.609852e+01,2.302524e-01,3.399985e+01,3.671160e+00,1.242229e+00,5.823424e+00,1.090310e+01,6.092630e+00,2.018995e+01,1.703378e+00,7.181419e+01,4.076093e+00,1.757177e+00,2.278172e+00,1.049661e+01,1.280115e+01,9.400488e-01,2.979573e+00,8.561872e+00,
1.874066e+00,3.614957e+01,2.283333e-01,3.436454e+01,2.917146e+00,1.300552e+00,5.959921e+00,1.103768e+01,6.133053e+00,2.011467e+01,1.494593e+00,7.111156e+01,4.094706e+00,1.747322e+00,2.122802e+00,1.056233e+01,1.266540e+01,9.669057e-01,3.035469e+00,8.585095e+00,
1.851665e+00,3.620599e+01,2.265116e-01,3.486999e+01,2.353235e+00,1.403544e+00,6.098183e+00,1.118898e+01,6.167866e+00,2.003093e+01,1.327623e+00,7.042307e+01,4.126574e+00,1.740185e+00,1.977224e+00,1.069186e+01,1.245264e+01,9.682956e-01,3.085372e+00,8.593470e+00,
1.829881e+00,3.626204e+01,2.249215e-01,3.550817e+01,1.932132e+00,1.506038e+00,6.184655e+00,1.135812e+01,6.193218e+00,1.994256e+01,1.189597e+00,6.975652e+01,4.174162e+00,1.736847e+00,1.847803e+00,1.093165e+01,1.215628e+01,9.494869e-01,3.127659e+00,8.586030e+00,
1.807102e+00,3.631522e+01,2.235367e-01,3.623086e+01,1.613040e+00,1.565886e+00,6.187288e+00,1.154764e+01,6.204285e+00,1.985386e+01,1.069872e+00,6.911269e+01,4.238489e+00,1.738290e+00,1.735866e+00,1.136079e+01,1.178837e+01,9.177911e-01,3.160813e+00,8.563703e+00,
1.782712e+00,3.636200e+01,2.223038e-01,3.695744e+01,1.367136e+00,1.576498e+00,6.107092e+00,1.175498e+01,6.196725e+00,1.976727e+01,9.638795e-01,6.849306e+01,4.319286e+00,1.744803e+00,1.641482e+00,1.210105e+01,1.137156e+01,8.807570e-01,3.185064e+00,8.528565e+00,
1.756555e+00,3.640198e+01,2.212189e-01,3.761295e+01,1.174954e+00,1.554414e+00,5.967871e+00,1.197632e+01,6.168094e+00,1.968663e+01,8.705653e-01,6.789931e+01,4.414375e+00,1.756151e+00,1.564062e+00,1.330773e+01,1.093029e+01,8.456306e-01,3.202007e+00,8.482576e+00,
1.729136e+00,3.643197e+01,2.203097e-01,3.814486e+01,1.023332e+00,1.517851e+00,5.801160e+00,1.220552e+01,6.118054e+00,1.961450e+01,7.897826e-01,6.733197e+01,4.520560e+00,1.771558e+00,1.502289e+00,1.514228e+01,1.048421e+01,8.206184e-01,3.213480e+00,8.427715e+00,
1.701354e+00,3.645379e+01,2.195708e-01,3.853133e+01,9.028882e-01,1.479193e+00,5.638911e+00,1.243545e+01,6.048184e+00,1.955366e+01,7.211623e-01,6.679341e+01,4.632832e+00,1.789389e+00,1.453680e+00,1.774760e+01,1.004784e+01,8.169369e-01,3.220910e+00,8.366750e+00,
1.673953e+00,3.646719e+01,2.189799e-01,3.877653e+01,8.067458e-01,1.445364e+00,5.509223e+00,1.265824e+01,5.961648e+00,1.950521e+01,6.638787e-01,6.627998e+01,4.746392e+00,1.807565e+00,1.415470e+00,2.115657e+01,9.629107e+00,8.484294e-01,3.226327e+00,8.301332e+00,
1.647512e+00,3.647644e+01,2.184805e-01,3.890075e+01,7.296591e-01,1.420299e+00,5.435047e+00,1.286638e+01,5.862189e+00,1.947077e+01,6.168057e-01,6.579192e+01,4.856281e+00,1.824014e+00,1.384918e+00,2.504169e+01,9.232890e+00,9.245519e-01,3.231531e+00,8.232512e+00,
1.622579e+00,3.648999e+01,2.179940e-01,3.893543e+01,6.676219e-01,1.406909e+00,5.429559e+00,1.305289e+01,5.753770e+00,1.945041e+01,5.787123e-01,6.532858e+01,4.958360e+00,1.837327e+00,1.359911e+00,2.867969e+01,8.862019e+00,1.037315e+00,3.238759e+00,8.162077e+00,
1.599136e+00,3.651508e+01,2.175620e-01,3.890981e+01,6.175830e-01,1.407867e+00,5.490324e+00,1.321331e+01,5.639734e+00,1.944490e+01,5.484695e-01,6.488609e+01,5.048490e+00,1.846118e+00,1.339077e+00,3.141697e+01,8.517834e+00,1.157296e+00,3.249839e+00,8.090584e+00,
1.577314e+00,3.655714e+01,2.172317e-01,3.884644e+01,5.770081e-01,1.425378e+00,5.596714e+00,1.334502e+01,5.522815e+00,1.945318e+01,5.251557e-01,6.446700e+01,5.123783e+00,1.849838e+00,1.321543e+00,3.301202e+01,8.199820e+00,1.250411e+00,3.266394e+00,8.018578e+00,
1.556922e+00,3.662542e+01,2.170651e-01,3.875938e+01,5.441320e-01,1.460085e+00,5.714258e+00,1.344664e+01,5.405883e+00,1.947508e+01,5.082467e-01,6.406789e+01,5.182315e+00,1.848586e+00,1.306491e+00,3.355836e+01,7.908339e+00,1.297719e+00,3.289675e+00,7.947056e+00,
1.538009e+00,3.672795e+01,2.169628e-01,3.865166e+01,5.173782e-01,1.509844e+00,5.807591e+00,1.351970e+01,5.290865e+00,1.951064e+01,4.976054e-01,6.368830e+01,5.222602e+00,1.842643e+00,1.293064e+00,3.330418e+01,7.641934e+00,1.298920e+00,3.319712e+00,7.875680e+00,
1.520286e+00,3.686893e+01,2.168249e-01,3.853003e+01,4.955618e-01,1.569350e+00,5.853694e+00,1.356734e+01,5.179096e+00,1.955801e+01,4.934966e-01,6.332973e+01,5.243915e+00,1.832444e+00,1.280702e+00,3.254496e+01,7.399372e+00,1.264528e+00,3.355507e+00,7.806307e+00,
1.503662e+00,3.705096e+01,2.167203e-01,3.839865e+01,4.777190e-01,1.630854e+00,5.847616e+00,1.359191e+01,5.071919e+00,1.961682e+01,4.965577e-01,6.298880e+01,5.246952e+00,1.818488e+00,1.268857e+00,3.156764e+01,7.178708e+00,1.207072e+00,3.395157e+00,7.738760e+00,
1.487923e+00,3.727033e+01,2.166764e-01,3.826829e+01,4.630456e-01,1.686102e+00,5.800191e+00,1.359674e+01,4.970454e+00,1.968669e+01,5.076121e-01,6.266667e+01,5.232815e+00,1.801464e+00,1.257615e+00,3.059480e+01,6.977287e+00,1.137248e+00,3.436836e+00,7.673974e+00,
1.472990e+00,3.752216e+01,2.165871e-01,3.815043e+01,4.509807e-01,1.728603e+00,5.732194e+00,1.358370e+01,4.875627e+00,1.976699e+01,5.273414e-01,6.236266e+01,5.203288e+00,1.782130e+00,1.247062e+00,2.971434e+01,6.793080e+00,1.062786e+00,3.476836e+00,7.612508e+00,
1.458697e+00,3.779183e+01,2.164949e-01,3.805822e+01,4.410189e-01,1.754984e+00,5.666946e+00,1.355396e+01,4.788233e+00,1.985891e+01,5.558196e-01,6.207616e+01,5.160198e+00,1.760798e+00,1.238265e+00,2.887414e+01,6.624409e+00,9.887127e-01,3.512110e+00,7.554699e+00,
1.445011e+00,3.806537e+01,2.164088e-01,3.800518e+01,4.327778e-01,1.765395e+00,5.624178e+00,1.350820e+01,4.709405e+00,1.996311e+01,5.921097e-01,6.180984e+01,5.106351e+00,1.738095e+00,1.232252e+00,2.797678e+01,6.468824e+00,9.180147e-01,3.539730e+00,7.501677e+00,
1.431707e+00,3.833050e+01,2.162810e-01,3.799961e+01,4.259612e-01,1.762767e+00,5.616620e+00,1.344738e+01,4.639880e+00,2.007963e+01,6.340342e-01,6.156260e+01,5.044322e+00,1.714486e+00,1.230712e+00,2.697287e+01,6.325698e+00,8.523605e-01,3.557213e+00,7.453569e+00,
1.418951e+00,3.857178e+01,2.161215e-01,3.804123e+01,4.203167e-01,1.752479e+00,5.648539e+00,1.337391e+01,4.580086e+00,2.021011e+01,6.784407e-01,6.133401e+01,4.976376e+00,1.690600e+00,1.235704e+00,2.589244e+01,6.193867e+00,7.925249e-01,3.563007e+00,7.410876e+00,
1.406575e+00,3.877990e+01,2.159466e-01,3.812923e+01,4.156136e-01,1.741791e+00,5.715916e+00,1.329100e+01,4.530177e+00,2.035642e+01,7.218850e-01,6.112738e+01,4.904071e+00,1.666500e+00,1.249018e+00,2.481624e+01,6.073435e+00,7.386097e-01,3.556439e+00,7.374098e+00,
1.394592e+00,3.894867e+01,2.158032e-01,3.824908e+01,4.117700e-01,1.739354e+00,5.808799e+00,1.320405e+01,4.489786e+00,2.051770e+01,7.613574e-01,6.094152e+01,4.830254e+00,1.642647e+00,1.271936e+00,2.383892e+01,5.963902e+00,6.905293e-01,3.537388e+00,7.342889e+00,
1.383039e+00,3.907727e+01,2.156519e-01,3.838217e+01,4.085076e-01,1.753501e+00,5.914004e+00,1.311788e+01,4.458004e+00,2.069482e+01,7.948889e-01,6.077588e+01,4.755852e+00,1.619219e+00,1.304533e+00,2.305959e+01,5.865465e+00,6.479678e-01,3.506861e+00,7.317436e+00,
1.371979e+00,3.916602e+01,2.155196e-01,3.850883e+01,4.057577e-01,1.790432e+00,6.016734e+00,1.303770e+01,4.433583e+00,2.088597e+01,8.215643e-01,6.063147e+01,4.682619e+00,1.596337e+00,1.345752e+00,2.257620e+01,5.778444e+00,6.105045e-01,3.466188e+00,7.297900e+00,
1.361387e+00,3.922075e+01,2.154031e-01,3.861166e+01,4.034059e-01,1.850588e+00,6.101556e+00,1.296813e+01,4.414718e+00,2.108973e+01,8.415339e-01,6.050739e+01,4.611063e+00,1.574289e+00,1.393381e+00,2.247533e+01,5.702884e+00,5.776799e-01,3.417002e+00,7.283360e+00,
1.351314e+00,3.925062e+01,2.152732e-01,3.868031e+01,4.014031e-01,1.927091e+00,6.154088e+00,1.291127e+01,4.399611e+00,2.130138e+01,8.556933e-01,6.040345e+01,4.542337e+00,1.553025e+00,1.444360e+00,2.280313e+01,5.638906e+00,5.490395e-01,3.360925e+00,7.274435e+00,
1.341766e+00,3.926239e+01,2.150980e-01,3.870927e+01,3.996836e-01,2.006578e+00,6.163412e+00,1.286814e+01,4.386377e+00,2.151757e+01,8.653407e-01,6.032042e+01,4.477073e+00,1.532834e+00,1.495626e+00,2.351654e+01,5.586433e+00,5.241572e-01,3.299455e+00,7.269926e+00,
1.332864e+00,3.926527e+01,2.148718e-01,3.870420e+01,3.982132e-01,2.074279e+00,6.123949e+00,1.283675e+01,4.373810e+00,2.173395e+01,8.719676e-01,6.025434e+01,4.415585e+00,1.513714e+00,1.544286e+00,2.445817e+01,5.544911e+00,5.026627e-01,3.234199e+00,7.270027e+00,
1.324584e+00,3.926689e+01,2.146606e-01,3.867723e+01,3.968689e-01,2.118987e+00,6.036195e+00,1.281437e+01,4.361451e+00,2.194481e+01,8.771423e-01,6.020641e+01,4.358294e+00,1.495674e+00,1.587996e+00,2.539594e+01,5.513759e+00,4.841926e-01,3.166435e+00,7.273619e+00,
1.316820e+00,3.927760e+01,2.144390e-01,3.863879e+01,3.957336e-01,2.135841e+00,5.905718e+00,1.279793e+01,4.349262e+00,2.214661e+01,8.822402e-01,6.017588e+01,4.305242e+00,1.478805e+00,1.624890e+00,2.611757e+01,5.492064e+00,4.684494e-01,3.097203e+00,7.280712e+00,
1.309521e+00,3.929900e+01,2.141686e-01,3.860040e+01,3.947080e-01,2.125901e+00,5.741318e+00,1.278371e+01,4.338163e+00,2.233538e+01,8.885810e-01,6.016170e+01,4.256373e+00,1.463068e+00,1.653620e+00,2.650147e+01,5.478171e+00,4.550938e-01,3.027306e+00,7.289744e+00,
1.302759e+00,3.933710e+01,2.139172e-01,3.857165e+01,3.938733e-01,2.093894e+00,5.552553e+00,1.277074e+01,4.329415e+00,2.250924e+01,8.971905e-01,6.016513e+01,4.211839e+00,1.448403e+00,1.673409e+00,2.652741e+01,5.470901e+00,4.438560e-01,2.957667e+00,7.301069e+00,
1.296528e+00,3.939137e+01,2.136615e-01,3.855566e+01,3.930823e-01,2.045814e+00,5.349051e+00,1.275946e+01,4.324106e+00,2.266778e+01,9.088635e-01,6.018526e+01,4.171583e+00,1.434904e+00,1.683983e+00,2.624415e+01,5.468177e+00,4.344373e-01,2.888721e+00,7.313468e+00,
1.290779e+00,3.946356e+01,2.134344e-01,3.855125e+01,3.923878e-01,1.987428e+00,5.138648e+00,1.275333e+01,4.323391e+00,2.280989e+01,9.241312e-01,6.022478e+01,4.135541e+00,1.422540e+00,1.685561e+00,2.572476e+01,5.468335e+00,4.266139e-01,2.820890e+00,7.327104e+00,
1.285483e+00,3.955366e+01,2.132229e-01,3.855639e+01,3.917402e-01,1.923658e+00,4.928012e+00,1.275705e+01,4.327574e+00,2.293631e+01,9.431908e-01,6.028574e+01,4.103526e+00,1.411241e+00,1.678800e+00,2.504737e+01,5.469326e+00,4.201869e-01,2.754555e+00,7.340835e+00,
1.280530e+00,3.965509e+01,2.129663e-01,3.855941e+01,3.910604e-01,1.858323e+00,4.722055e+00,1.277535e+01,4.335985e+00,2.304924e+01,9.659547e-01,6.037083e+01,4.075264e+00,1.401029e+00,1.664705e+00,2.427649e+01,5.469447e+00,4.149362e-01,2.689879e+00,7.354494e+00,
1.276021e+00,3.976691e+01,2.127020e-01,3.855240e+01,3.904589e-01,1.794146e+00,4.523825e+00,1.280976e+01,4.347168e+00,2.315106e+01,9.919001e-01,6.048349e+01,4.051043e+00,1.391678e+00,1.644424e+00,2.346052e+01,5.467771e+00,4.106249e-01,2.627515e+00,7.367385e+00,
1.271854e+00,3.988391e+01,2.124194e-01,3.852583e+01,3.898413e-01,1.733040e+00,4.335948e+00,1.285848e+01,4.359099e+00,2.324438e+01,1.020231e+00,6.062440e+01,4.030481e+00,1.383352e+00,1.619147e+00,2.263545e+01,5.463342e+00,4.071707e-01,2.567305e+00,7.379507e+00,
1.268003e+00,4.000576e+01,2.121087e-01,3.847152e+01,3.892866e-01,1.676164e+00,4.160163e+00,1.291490e+01,4.368990e+00,2.333188e+01,1.049921e+00,6.079966e+01,4.013488e+00,1.375929e+00,1.589980e+00,2.182703e+01,5.455287e+00,4.044201e-01,2.509758e+00,7.390708e+00,
1.264576e+00,4.012603e+01,2.118036e-01,3.838521e+01,3.886956e-01,1.624392e+00,3.997034e+00,1.297371e+01,4.374432e+00,2.341849e+01,1.079791e+00,6.100720e+01,3.999307e+00,1.369278e+00,1.558010e+00,2.104939e+01,5.443762e+00,4.022220e-01,2.455025e+00,7.400053e+00,
1.261250e+00,4.024896e+01,2.114905e-01,3.826384e+01,3.881043e-01,1.578245e+00,3.847640e+00,1.302868e+01,4.373292e+00,2.350608e+01,1.108636e+00,6.125001e+01,3.987554e+00,1.363289e+00,1.524029e+00,2.031288e+01,5.428998e+00,4.005342e-01,2.403182e+00,7.408072e+00,
1.258280e+00,4.037086e+01,2.111475e-01,3.810898e+01,3.875196e-01,1.537935e+00,3.711763e+00,1.307723e+01,4.364274e+00,2.359859e+01,1.135490e+00,6.152646e+01,3.977592e+00,1.358135e+00,1.488706e+00,1.962119e+01,5.411079e+00,3.992156e-01,2.354589e+00,7.413811e+00,
1.255508e+00,4.049786e+01,2.108367e-01,3.792410e+01,3.869779e-01,1.503403e+00,3.589460e+00,1.312063e+01,4.346818e+00,2.369809e+01,1.159496e+00,6.183100e+01,3.968737e+00,1.353514e+00,1.452809e+00,1.897704e+01,5.390860e+00,3.981778e-01,2.308959e+00,7.418046e+00,
1.252951e+00,4.062954e+01,2.105139e-01,3.771489e+01,3.864407e-01,1.474432e+00,3.480681e+00,1.316361e+01,4.321280e+00,2.380679e+01,1.179924e+00,6.216102e+01,3.960174e+00,1.349530e+00,1.416774e+00,1.838141e+01,5.368922e+00,3.973779e-01,2.266739e+00,7.419683e+00,
1.250556e+00,4.077454e+01,2.101983e-01,3.748632e+01,3.859236e-01,1.450445e+00,3.385412e+00,1.321291e+01,4.288087e+00,2.392651e+01,1.196298e+00,6.250785e+01,3.951869e+00,1.345946e+00,1.380935e+00,1.783221e+01,5.345895e+00,3.967523e-01,2.227754e+00,7.419781e+00,
1.248478e+00,4.093079e+01,2.099128e-01,3.724497e+01,3.853069e-01,1.430670e+00,3.303153e+00,1.327340e+01,4.248794e+00,2.405653e+01,1.208327e+00,6.286521e+01,3.942733e+00,1.342898e+00,1.345706e+00,1.732634e+01,5.322077e+00,3.962663e-01,2.191786e+00,7.417903e+00,
1.246429e+00,4.110595e+01,2.095785e-01,3.699644e+01,3.847820e-01,1.414222e+00,3.233785e+00,1.334931e+01,4.204675e+00,2.419800e+01,1.215849e+00,6.322425e+01,3.933048e+00,1.340165e+00,1.311395e+00,1.686160e+01,5.297563e+00,3.958408e-01,2.159085e+00,7.414145e+00,
1.244571e+00,4.130400e+01,2.092383e-01,3.674924e+01,3.841518e-01,1.400081e+00,3.176730e+00,1.344116e+01,4.157223e+00,2.434974e+01,1.218828e+00,6.357677e+01,3.921911e+00,1.337639e+00,1.278228e+00,1.643420e+01,5.272793e+00,3.954873e-01,2.129283e+00,7.409282e+00,
1.242899e+00,4.152165e+01,2.088987e-01,3.651045e+01,3.834931e-01,1.387259e+00,3.131475e+00,1.354602e+01,4.107758e+00,2.450820e+01,1.217396e+00,6.391615e+01,3.909613e+00,1.335483e+00,1.246213e+00,1.604073e+01,5.247438e+00,3.951758e-01,2.102097e+00,7.402994e+00,
1.241121e+00,4.176273e+01,2.085634e-01,3.628133e+01,3.829597e-01,1.374857e+00,3.096941e+00,1.365724e+01,4.057380e+00,2.467071e+01,1.211789e+00,6.423631e+01,3.896182e+00,1.333454e+00,1.215667e+00,1.567749e+01,5.221550e+00,3.948825e-01,2.077509e+00,7.395964e+00,
1.239507e+00,4.202327e+01,2.081975e-01,3.606681e+01,3.823173e-01,1.362194e+00,3.072108e+00,1.376720e+01,4.007343e+00,2.483422e+01,1.202309e+00,6.453387e+01,3.881654e+00,1.331655e+00,1.186627e+00,1.534128e+01,5.195005e+00,3.945685e-01,2.055067e+00,7.388107e+00,
1.237976e+00,4.229918e+01,2.078797e-01,3.586851e+01,3.817477e-01,1.348801e+00,3.055712e+00,1.386761e+01,3.958211e+00,2.499368e+01,1.189266e+00,6.480546e+01,3.866145e+00,1.330006e+00,1.159177e+00,1.502878e+01,5.167048e+00,3.943025e-01,2.034750e+00,7.380377e+00,
1.236423e+00,4.258683e+01,2.075342e-01,3.568648e+01,3.812178e-01,1.334380e+00,3.046170e+00,1.395159e+01,3.910515e+00,2.514595e+01,1.173184e+00,6.505278e+01,3.850058e+00,1.328476e+00,1.133317e+00,1.473711e+01,5.138018e+00,3.940480e-01,2.016118e+00,7.372166e+00,
1.234991e+00,4.287614e+01,2.071785e-01,3.552036e+01,3.806178e-01,1.318852e+00,3.042066e+00,1.401333e+01,3.864827e+00,2.528669e+01,1.154555e+00,6.527944e+01,3.833522e+00,1.326979e+00,1.109068e+00,1.446335e+01,5.107551e+00,3.938186e-01,1.999082e+00,7.364466e+00,
1.233464e+00,4.315785e+01,2.068129e-01,3.537043e+01,3.799710e-01,1.302292e+00,3.042189e+00,1.405105e+01,3.821467e+00,2.541410e+01,1.133904e+00,6.548456e+01,3.816912e+00,1.325617e+00,1.086483e+00,1.420577e+01,5.075108e+00,3.935748e-01,1.983268e+00,7.357082e+00,
1.232105e+00,4.342450e+01,2.064713e-01,3.523695e+01,3.794018e-01,1.284775e+00,3.045689e+00,1.406432e+01,3.780573e+00,2.552663e+01,1.111579e+00,6.567590e+01,3.800022e+00,1.324265e+00,1.065384e+00,1.396187e+01,5.041109e+00,3.932757e-01,1.968578e+00,7.350666e+00,
1.230745e+00,4.366658e+01,2.061285e-01,3.512238e+01,3.787387e-01,1.266577e+00,3.051748e+00,1.405380e+01,3.742365e+00,2.562254e+01,1.088069e+00,6.585597e+01,3.783403e+00,1.322937e+00,1.045926e+00,1.373062e+01,5.005120e+00,3.929627e-01,1.954827e+00,7.345280e+00,
1.229398e+00,4.388277e+01,2.057978e-01,3.503001e+01,3.780777e-01,1.247961e+00,3.060432e+00,1.402511e+01,3.706749e+00,2.570117e+01,1.063793e+00,6.603024e+01,3.767438e+00,1.321562e+00,1.027907e+00,1.351028e+01,4.967480e+00,3.926193e-01,1.941941e+00,7.341538e+00,
1.227934e+00,4.406779e+01,2.054135e-01,3.496886e+01,3.774915e-01,1.229158e+00,3.072001e+00,1.398135e+01,3.673781e+00,2.576358e+01,1.039091e+00,6.620336e+01,3.752176e+00,1.320226e+00,1.011273e+00,1.330009e+01,4.928338e+00,3.922341e-01,1.929737e+00,7.339291e+00,
1.226611e+00,4.422058e+01,2.050239e-01,3.494856e+01,3.768564e-01,1.210372e+00,3.086928e+00,1.392891e+01,3.643566e+00,2.581121e+01,1.014314e+00,6.638228e+01,3.737509e+00,1.318905e+00,9.960033e-01,1.309832e+01,4.887900e+00,3.918244e-01,1.918101e+00,7.339377e+00,
1.225235e+00,4.434066e+01,2.046202e-01,3.498703e+01,3.763047e-01,1.191848e+00,3.106090e+00,1.387362e+01,3.615851e+00,2.584739e+01,9.896638e-01,6.657026e+01,3.723244e+00,1.317538e+00,9.821061e-01,1.290471e+01,4.846388e+00,3.914318e-01,1.906986e+00,7.342406e+00,
1.223881e+00,4.443023e+01,2.042243e-01,3.510739e+01,3.761386e-01,1.173622e+00,3.130069e+00,1.382316e+01,3.590723e+00,2.587559e+01,9.653888e-01,6.676944e+01,3.709941e+00,1.316180e+00,9.694989e-01,1.271869e+01,4.804104e+00,3.910445e-01,1.896632e+00,7.348952e+00,
1.222525e+00,4.449315e+01,2.037909e-01,3.533702e+01,3.764932e-01,1.155919e+00,3.159276e+00,1.378439e+01,3.568053e+00,2.590115e+01,9.415780e-01,6.697923e+01,3.697569e+00,1.317500e+00,9.581144e-01,1.253973e+01,4.761629e+00,3.906360e-01,1.886544e+00,7.359627e+00,
1.222608e+00,4.453320e+01,2.033873e-01,3.571736e+01,3.773315e-01,1.138854e+00,3.193882e+00,1.376491e+01,3.547863e+00,2.592936e+01,9.184186e-01,6.720137e+01,3.685916e+00,1.317096e+00,9.478121e-01,1.236796e+01,4.719209e+00,3.902209e-01,1.876836e+00,7.375731e+00,
1.222139e+00,4.455245e+01,2.030099e-01,3.629027e+01,3.785508e-01,1.122468e+00,3.233659e+00,1.377416e+01,3.529877e+00,2.596787e+01,8.960202e-01,6.743675e+01,3.674923e+00,1.316109e+00,9.384956e-01,1.220319e+01,4.677315e+00,3.897934e-01,1.867627e+00,7.397210e+00,
1.221151e+00,4.455825e+01,2.026867e-01,3.710038e+01,3.801530e-01,1.106826e+00,3.277615e+00,1.382164e+01,3.513638e+00,2.602378e+01,8.743836e-01,6.768350e+01,3.664822e+00,1.315539e+00,9.301865e-01,1.204461e+01,4.635557e+00,3.893600e-01,1.859179e+00,7.425364e+00,
1.219954e+00,4.455605e+01,2.024151e-01,3.817677e+01,3.823780e-01,1.092000e+00,3.324261e+00,1.391722e+01,3.499019e+00,2.610782e+01,8.536189e-01,6.794531e+01,3.655533e+00,1.314705e+00,9.226853e-01,1.189267e+01,4.595329e+00,3.889147e-01,1.851809e+00,7.466785e+00,
1.219011e+00,4.454897e+01,2.022308e-01,3.951741e+01,3.855257e-01,1.077962e+00,3.371912e+00,1.407072e+01,3.485978e+00,2.622982e+01,8.336714e-01,6.821976e+01,3.646729e+00,1.313477e+00,9.159766e-01,1.174838e+01,4.555750e+00,3.884171e-01,1.845539e+00,7.517893e+00,
1.218386e+00,4.454052e+01,2.020514e-01,4.108292e+01,3.902897e-01,1.064850e+00,3.418764e+00,1.429085e+01,3.473964e+00,2.639992e+01,8.146678e-01,6.850471e+01,3.638566e+00,1.311982e+00,9.100589e-01,1.160989e+01,4.516800e+00,3.879122e-01,1.839981e+00,7.576170e+00,
1.217891e+00,4.453582e+01,2.019539e-01,4.278471e+01,3.975868e-01,1.052452e+00,3.463005e+00,1.458332e+01,3.463039e+00,2.662858e+01,7.966201e-01,6.880472e+01,3.631115e+00,1.310418e+00,9.047499e-01,1.147698e+01,4.478641e+00,3.873606e-01,1.835313e+00,7.641102e+00,
1.217673e+00,4.453592e+01,2.018516e-01,4.450917e+01,4.082383e-01,1.040820e+00,3.503027e+00,1.494980e+01,3.453046e+00,2.692393e+01,7.795454e-01,6.911608e+01,3.623837e+00,1.309191e+00,9.000944e-01,1.135119e+01,4.441463e+00,3.867916e-01,1.831311e+00,7.709476e+00,
1.217672e+00,4.454172e+01,2.016576e-01,4.613663e+01,4.221009e-01,1.030056e+00,3.537111e+00,1.538795e+01,3.443873e+00,2.729051e+01,7.634195e-01,6.944009e+01,3.617216e+00,1.308422e+00,8.959657e-01,1.123198e+01,4.405784e+00,3.862099e-01,1.828038e+00,7.778001e+00,
1.218187e+00,4.455523e+01,2.013768e-01,4.757126e+01,4.377836e-01,1.019947e+00,3.564393e+00,1.589117e+01,3.435364e+00,2.772680e+01,7.481311e-01,6.977563e+01,3.611152e+00,1.307949e+00,8.923377e-01,1.111880e+01,4.372073e+00,3.856356e-01,1.825108e+00,7.845300e+00,
1.219338e+00,4.457655e+01,2.009863e-01,4.874851e+01,4.528807e-01,1.010563e+00,3.584096e+00,1.645508e+01,3.427441e+00,2.822628e+01,7.336327e-01,7.012183e+01,3.605524e+00,1.307687e+00,8.892043e-01,1.101252e+01,4.340453e+00,3.850652e-01,1.822389e+00,7.911387e+00,
1.221328e+00,4.460135e+01,2.005485e-01,4.964903e+01,4.648339e-01,1.001830e+00,3.595802e+00,1.707888e+01,3.419953e+00,2.877610e+01,7.198110e-01,7.047454e+01,3.600421e+00,1.307465e+00,8.864896e-01,1.091341e+01,4.310765e+00,3.844905e-01,1.819653e+00,7.974659e+00,
1.224534e+00,4.463064e+01,2.000722e-01,5.028143e+01,4.721671e-01,9.937907e-01,3.599970e+00,1.777161e+01,3.412980e+00,2.935626e+01,7.065925e-01,7.082996e+01,3.595801e+00,1.307128e+00,8.844041e-01,1.082103e+01,4.283521e+00,3.839046e-01,1.816536e+00,8.033786e+00,
1.228883e+00,4.466199e+01,1.995298e-01,5.068124e+01,4.746574e-01,9.863377e-01,3.596816e+00,1.855455e+01,3.406438e+00,2.994444e+01,6.938291e-01,7.118570e+01,3.591799e+00,1.306624e+00,8.828218e-01,1.073637e+01,4.258896e+00,3.833099e-01,1.813113e+00,8.086442e+00,
1.234276e+00,4.469444e+01,1.990084e-01,5.089660e+01,4.729299e-01,9.794036e-01,3.586824e+00,1.946154e+01,3.400366e+00,3.051752e+01,6.814539e-01,7.153641e+01,3.588240e+00,1.305884e+00,8.819728e-01,1.066024e+01,4.237957e+00,3.827113e-01,1.809429e+00,8.132215e+00,
1.240581e+00,4.472501e+01,1.985019e-01,5.097883e+01,4.681273e-01,9.730606e-01,3.570852e+00,2.052699e+01,3.394629e+00,3.105315e+01,6.694366e-01,7.187994e+01,3.585581e+00,1.305150e+00,8.817497e-01,1.059306e+01,4.222791e+00,3.820851e-01,1.805758e+00,8.169843e+00,
1.247300e+00,4.475124e+01,1.980110e-01,5.097786e+01,4.612854e-01,9.672929e-01,3.549320e+00,2.177770e+01,3.389080e+00,3.153157e+01,6.578059e-01,7.221232e+01,3.584102e+00,1.304155e+00,8.823999e-01,1.053607e+01,4.215406e+00,3.814573e-01,1.802481e+00,8.198896e+00,
1.254016e+00,4.477095e+01,1.975426e-01,5.094024e+01,4.532272e-01,9.618903e-01,3.523077e+00,2.321176e+01,3.383850e+00,3.193821e+01,6.465896e-01,7.253353e+01,3.583798e+00,1.303004e+00,8.836828e-01,1.048956e+01,4.217101e+00,3.807984e-01,1.799622e+00,8.220133e+00,
1.260247e+00,4.478489e+01,1.970970e-01,5.090704e+01,4.447132e-01,9.569248e-01,3.492898e+00,2.479127e+01,3.378866e+00,3.226357e+01,6.357988e-01,7.284586e+01,3.585443e+00,1.301499e+00,8.855553e-01,1.045313e+01,4.227351e+00,3.800908e-01,1.797595e+00,8.232755e+00,
1.265581e+00,4.478996e+01,1.966691e-01,5.091174e+01,4.361523e-01,9.522997e-01,3.459239e+00,2.643866e+01,3.373982e+00,3.250247e+01,6.254246e-01,7.315051e+01,3.589109e+00,1.299727e+00,8.877492e-01,1.042573e+01,4.243489e+00,3.793961e-01,1.796310e+00,8.237537e+00,
1.269559e+00,4.478445e+01,1.962736e-01,5.097956e+01,4.277622e-01,9.480989e-01,3.422529e+00,2.805784e+01,3.369196e+00,3.265366e+01,6.155273e-01,7.345019e+01,3.595275e+00,1.297666e+00,8.901237e-01,1.040737e+01,4.261672e+00,3.787171e-01,1.795866e+00,8.234299e+00,
1.272026e+00,4.476604e+01,1.957925e-01,5.113308e+01,4.198011e-01,9.442401e-01,3.383142e+00,2.955477e+01,3.364584e+00,3.272006e+01,6.061710e-01,7.374907e+01,3.604208e+00,1.295332e+00,8.925138e-01,1.039722e+01,4.278418e+00,3.780430e-01,1.796554e+00,8.223649e+00,
1.272946e+00,4.473603e+01,1.954017e-01,5.138194e+01,4.122173e-01,9.406444e-01,3.341753e+00,3.085827e+01,3.359955e+00,3.270766e+01,5.974541e-01,7.405260e+01,3.615976e+00,1.292722e+00,8.947058e-01,1.039640e+01,4.292128e+00,3.773630e-01,1.798160e+00,8.206791e+00,
1.272388e+00,4.469382e+01,1.949866e-01,5.173836e+01,4.052680e-01,9.373416e-01,3.298700e+00,3.192854e+01,3.355260e+00,3.262286e+01,5.892246e-01,7.436811e+01,3.630178e+00,1.289965e+00,9.003809e-01,1.040665e+01,4.303065e+00,3.767489e-01,1.800654e+00,8.183465e+00,
1.270506e+00,4.463441e+01,1.945650e-01,5.220702e+01,3.989131e-01,9.343475e-01,3.254647e+00,3.275533e+01,3.350753e+00,3.247346e+01,5.815199e-01,7.469913e+01,3.646914e+00,1.287070e+00,9.034629e-01,1.044027e+01,4.312244e+00,3.760724e-01,1.803918e+00,8.155083e+00,
1.267504e+00,4.456052e+01,1.941652e-01,5.280068e+01,3.931526e-01,9.315907e-01,3.209895e+00,3.334727e+01,3.345980e+00,3.226885e+01,5.742257e-01,7.504800e+01,3.665375e+00,1.284278e+00,9.048996e-01,1.054049e+01,4.321655e+00,3.754258e-01,1.807528e+00,8.122499e+00,
1.263671e+00,4.447016e+01,1.937816e-01,5.352880e+01,3.879798e-01,9.291078e-01,3.165097e+00,3.372672e+01,3.341379e+00,3.201725e+01,5.673013e-01,7.542039e+01,3.684881e+00,1.281470e+00,9.059690e-01,1.081841e+01,4.332160e+00,3.748196e-01,1.811125e+00,8.086349e+00,
1.259379e+00,4.436712e+01,1.933854e-01,5.440955e+01,3.833896e-01,9.267942e-01,3.120549e+00,3.392066e+01,3.336833e+00,3.172764e+01,5.605787e-01,7.581696e+01,3.704468e+00,1.278681e+00,9.062585e-01,1.128952e+01,4.344172e+00,3.741742e-01,1.814131e+00,8.048245e+00,
1.254727e+00,4.424838e+01,1.929937e-01,5.545324e+01,3.793111e-01,9.246560e-01,3.076722e+00,3.395443e+01,3.332013e+00,3.140596e+01,5.540007e-01,7.623596e+01,3.723138e+00,1.275968e+00,9.057350e-01,1.168734e+01,4.356938e+00,3.735776e-01,1.816002e+00,8.007949e+00,
1.250114e+00,4.411567e+01,1.926180e-01,5.665785e+01,3.756980e-01,9.226912e-01,3.033807e+00,3.385611e+01,3.327152e+00,3.106113e+01,5.475043e-01,7.667284e+01,3.740218e+00,1.273152e+00,9.045528e-01,1.181672e+01,4.369612e+00,3.729832e-01,1.816400e+00,7.966406e+00,
1.245556e+00,4.396604e+01,1.922495e-01,5.799802e+01,3.725769e-01,9.209319e-01,2.991848e+00,3.364603e+01,3.322284e+00,3.069867e+01,5.410720e-01,7.712199e+01,3.755061e+00,1.270588e+00,9.030891e-01,1.175005e+01,4.380559e+00,3.724269e-01,1.814901e+00,7.924179e+00,
1.241398e+00,4.380779e+01,1.918947e-01,5.941524e+01,3.698370e-01,9.194205e-01,2.951183e+00,3.334545e+01,3.317421e+00,3.032428e+01,5.346777e-01,7.757426e+01,3.766923e+00,1.267869e+00,9.018119e-01,1.162772e+01,4.388878e+00,3.718849e-01,1.811545e+00,7.880906e+00,
1.237644e+00,4.363702e+01,1.915026e-01,6.082377e+01,3.674732e-01,9.184092e-01,2.912101e+00,3.297017e+01,3.312459e+00,2.994243e+01,5.283345e-01,7.802197e+01,3.775361e+00,1.265287e+00,9.012502e-01,1.153761e+01,4.393257e+00,3.713153e-01,1.806424e+00,7.837084e+00,
1.234281e+00,4.345603e+01,1.911429e-01,6.213554e+01,3.654221e-01,9.190837e-01,2.874354e+00,3.253576e+01,3.307427e+00,2.955565e+01,5.220984e-01,7.845437e+01,3.780308e+00,1.262579e+00,9.020002e-01,1.151577e+01,4.393149e+00,3.707255e-01,1.799773e+00,7.793515e+00,
1.231406e+00,4.326791e+01,1.908084e-01,6.326487e+01,3.635873e-01,9.256212e-01,2.838633e+00,3.205473e+01,3.302315e+00,2.916925e+01,5.160091e-01,7.885969e+01,3.781749e+00,1.259992e+00,9.046029e-01,1.155935e+01,4.387732e+00,3.701288e-01,1.791754e+00,7.749409e+00,
1.228962e+00,4.307370e+01,1.904427e-01,6.415415e+01,3.619877e-01,9.460981e-01,2.805045e+00,3.153729e+01,3.297148e+00,2.878666e+01,5.100674e-01,7.922834e+01,3.780043e+00,1.257291e+00,9.094115e-01,1.163988e+01,4.377189e+00,3.694686e-01,1.782941e+00,7.704933e+00,
1.226874e+00,4.287661e+01,1.900556e-01,6.477923e+01,3.606017e-01,9.853349e-01,2.773622e+00,3.099235e+01,3.291757e+00,2.840794e+01,5.042957e-01,7.955363e+01,3.775249e+00,1.254685e+00,9.168022e-01,1.172243e+01,4.361848e+00,3.687830e-01,1.773767e+00,7.660149e+00,
1.225078e+00,4.267857e+01,1.897362e-01,6.513892e+01,3.593626e-01,1.034048e+00,2.744966e+00,3.042852e+01,3.286457e+00,2.803557e+01,4.987673e-01,7.982525e+01,3.768077e+00,1.252103e+00,9.268604e-01,1.178473e+01,4.342377e+00,3.680184e-01,1.764309e+00,7.615498e+00,
1.223389e+00,4.248246e+01,1.893437e-01,6.524715e+01,3.582603e-01,1.074447e+00,2.719526e+00,2.985053e+01,3.281063e+00,2.767150e+01,4.934392e-01,8.004161e+01,3.758733e+00,1.249503e+00,9.393876e-01,1.182101e+01,4.319408e+00,3.672487e-01,1.755127e+00,7.570855e+00,
1.221731e+00,4.228963e+01,1.889840e-01,6.513807e+01,3.572243e-01,1.095670e+00,2.697346e+00,2.926606e+01,3.275605e+00,2.731627e+01,4.883966e-01,8.019874e+01,3.747828e+00,1.246834e+00,9.538981e-01,1.183624e+01,4.293574e+00,3.664505e-01,1.746345e+00,7.526251e+00,
1.220144e+00,4.210321e+01,1.886270e-01,6.484124e+01,3.562928e-01,1.097965e+00,2.678844e+00,2.867712e+01,3.270053e+00,2.697070e+01,4.836414e-01,8.029455e+01,3.735700e+00,1.244354e+00,9.697084e-01,1.183802e+01,4.265607e+00,3.656592e-01,1.738090e+00,7.482087e+00,
1.218364e+00,4.192754e+01,1.881928e-01,6.438862e+01,3.554910e-01,1.087137e+00,2.664337e+00,2.808962e+01,3.264412e+00,2.663577e+01,4.792805e-01,8.033134e+01,3.722562e+00,1.241766e+00,9.859157e-01,1.183211e+01,4.236364e+00,3.648385e-01,1.730492e+00,7.438509e+00,
1.216341e+00,4.176686e+01,1.878654e-01,6.381210e+01,3.547086e-01,1.069280e+00,2.653992e+00,2.750743e+01,3.258725e+00,2.631162e+01,4.753397e-01,8.030640e+01,3.708684e+00,1.239196e+00,1.001616e+00,1.182201e+01,4.206687e+00,3.639585e-01,1.723789e+00,7.395908e+00,
1.213953e+00,4.162183e+01,1.875089e-01,6.313245e+01,3.539234e-01,1.048819e+00,2.648022e+00,2.693055e+01,3.253029e+00,2.599955e+01,4.718165e-01,8.022692e+01,3.694633e+00,1.236725e+00,1.015737e+00,1.181059e+01,4.176941e+00,3.631139e-01,1.717561e+00,7.354123e+00,
1.211219e+00,4.150310e+01,1.871528e-01,6.237606e+01,3.532175e-01,1.028259e+00,2.646992e+00,2.636375e+01,3.247279e+00,2.569834e+01,4.687751e-01,8.009367e+01,3.680018e+00,1.234220e+00,1.027634e+00,1.180339e+01,4.147604e+00,3.622850e-01,1.712278e+00,7.313823e+00,
1.208148e+00,4.141510e+01,1.867974e-01,6.155891e+01,3.525147e-01,1.009185e+00,2.651709e+00,2.580820e+01,3.241429e+00,2.540874e+01,4.663226e-01,7.991225e+01,3.665318e+00,1.231820e+00,1.036667e+00,1.181160e+01,4.118934e+00,3.614461e-01,1.707743e+00,7.274569e+00,
1.204636e+00,4.137001e+01,1.864847e-01,6.070015e+01,3.518781e-01,9.919538e-01,2.663416e+00,2.526712e+01,3.235582e+00,2.513122e+01,4.643601e-01,7.968606e+01,3.650327e+00,1.229395e+00,1.042786e+00,1.185606e+01,4.091607e+00,3.606339e-01,1.703714e+00,7.236679e+00,
1.200761e+00,4.137474e+01,1.861938e-01,5.980949e+01,3.512565e-01,9.767449e-01,2.683618e+00,2.473937e+01,3.229701e+00,2.486488e+01,4.629701e-01,7.941935e+01,3.635190e+00,1.227005e+00,1.045948e+00,1.196650e+01,4.065634e+00,3.597971e-01,1.700371e+00,7.200088e+00,
1.196643e+00,4.145073e+01,1.858732e-01,5.890154e+01,3.525456e-01,9.684311e-01,2.714971e+00,2.422910e+01,3.223793e+00,2.462691e+01,4.625103e-01,7.912946e+01,3.620055e+00,1.224679e+00,1.060932e+00,1.216660e+01,4.041072e+00,3.589673e-01,1.697305e+00,7.164995e+00,
1.192281e+00,4.164112e+01,1.878117e-01,5.798809e+01,3.587937e-01,9.645682e-01,2.763088e+00,2.374484e+01,3.220330e+00,2.442459e+01,5.036453e-01,7.885651e+01,3.604748e+00,1.223145e+00,1.084736e+00,1.245256e+01,4.019435e+00,3.609387e-01,1.772864e+00,7.131296e+00,
1.188529e+00,4.229812e+01,1.930902e-01,5.708520e+01,3.732055e-01,1.389336e+00,2.864300e+00,2.330816e+01,3.217798e+00,2.430600e+01,6.754079e-01,7.858825e+01,3.589393e+00,1.221450e+00,1.242704e+00,1.278554e+01,4.000740e+00,3.621873e-01,2.052844e+00,7.098795e+00,
1.184490e+00,4.300997e+01,1.994192e-01,5.620848e+01,3.984802e-01,2.749340e+00,3.394442e+00,2.293906e+01,3.215600e+00,2.431781e+01,9.601703e-01,7.836057e+01,3.574944e+00,1.219786e+00,1.729368e+00,1.310589e+01,3.983151e+00,3.632194e-01,2.497920e+00,7.068050e+00,
1.180263e+00,4.346759e+01,2.060339e-01,5.535492e+01,4.356461e-01,5.231798e+00,4.358548e+00,2.260245e+01,3.214152e+00,2.451007e+01,1.162932e+00,7.815812e+01,3.560081e+00,1.218283e+00,2.444043e+00,1.336700e+01,3.966919e+00,3.653659e-01,2.932406e+00,7.038446e+00,
1.175978e+00,4.410518e+01,2.111792e-01,5.450244e+01,4.717351e-01,7.320680e+00,5.333136e+00,2.224787e+01,3.212725e+00,2.486852e+01,1.273412e+00,7.797942e+01,3.545472e+00,1.217047e+00,2.985847e+00,1.354813e+01,3.951465e+00,3.685158e-01,3.476473e+00,7.009459e+00,
1.171792e+00,4.503575e+01,2.150973e-01,5.366303e+01,5.005997e-01,1.097614e+01,6.295800e+00,2.187965e+01,3.211111e+00,2.530973e+01,1.313589e+00,7.784744e+01,3.532019e+00,1.216133e+00,3.297569e+00,1.365187e+01,3.937288e+00,3.718627e-01,4.488627e+00,6.981908e+00,
1.168009e+00,4.624723e+01,2.180908e-01,5.285519e+01,5.258858e-01,2.167129e+01,7.683768e+00,2.151008e+01,3.209544e+00,2.577108e+01,1.285751e+00,7.778912e+01,3.518215e+00,1.215537e+00,3.454157e+00,1.369287e+01,3.924012e+00,3.750488e-01,5.814311e+00,6.955367e+00,
1.164620e+00,4.773315e+01,2.212696e-01,5.208737e+01,5.456076e-01,3.084266e+01,9.442044e+00,2.114392e+01,3.208417e+00,2.628043e+01,1.220876e+00,7.781806e+01,3.504500e+00,1.215222e+00,3.398380e+00,1.368918e+01,3.911238e+00,3.780256e-01,6.683624e+00,6.929323e+00,
1.161677e+00,4.948516e+01,2.234785e-01,5.137188e+01,5.558888e-01,3.060136e+01,1.074890e+01,2.078316e+01,3.207911e+00,2.694025e+01,1.142424e+00,7.792301e+01,3.491240e+00,1.214980e+00,3.195035e+00,1.365439e+01,3.899062e+00,3.809540e-01,6.776084e+00,6.903872e+00,
1.159175e+00,5.146893e+01,2.246289e-01,5.071620e+01,5.565919e-01,2.581288e+01,1.137529e+01,2.043048e+01,3.207858e+00,2.788568e+01,1.062533e+00,7.808021e+01,3.478084e+00,1.215204e+00,2.958607e+00,1.359936e+01,3.887655e+00,3.836946e-01,6.349601e+00,6.879621e+00,
1.156835e+00,5.363093e+01,2.245597e-01,5.012917e+01,5.514501e-01,2.058408e+01,1.141891e+01,2.008814e+01,3.208305e+00,2.924062e+01,9.901790e-01,7.825076e+01,3.465394e+00,1.215811e+00,2.754414e+00,1.353197e+01,3.877144e+00,3.860154e-01,5.735725e+00,6.855700e+00,
1.154746e+00,5.594542e+01,2.234274e-01,4.964566e+01,5.443013e-01,1.630008e+01,1.103558e+01,1.976127e+01,3.209217e+00,3.106274e+01,9.298995e-01,7.841101e+01,3.453313e+00,1.216656e+00,2.597513e+00,1.345577e+01,3.867805e+00,3.876435e-01,5.133088e+00,6.832249e+00,
1.152862e+00,5.841327e+01,2.217157e-01,4.932554e+01,5.374970e-01,1.316752e+01,1.061269e+01,1.945529e+01,3.210511e+00,3.329646e+01,8.813607e-01,7.855386e+01,3.441816e+00,1.217455e+00,2.485063e+00,1.337380e+01,3.859458e+00,3.884241e-01,4.623819e+00,6.809058e+00,
1.151318e+00,6.094571e+01,2.198399e-01,4.925817e+01,5.317520e-01,1.110880e+01,1.095637e+01,1.918011e+01,3.212088e+00,3.581414e+01,8.419386e-01,7.868244e+01,3.430751e+00,1.218260e+00,2.417873e+00,1.328769e+01,3.852252e+00,3.883201e-01,4.225509e+00,6.786242e+00,
1.150108e+00,6.331697e+01,2.182327e-01,4.950511e+01,5.266771e-01,1.008128e+01,1.483280e+01,1.894506e+01,3.213861e+00,3.853286e+01,8.093179e-01,7.880787e+01,3.420446e+00,1.219023e+00,2.407477e+00,1.319858e+01,3.845784e+00,3.873711e-01,3.927539e+00,6.763820e+00,
1.149167e+00,6.525488e+01,2.171054e-01,5.006297e+01,5.214707e-01,1.006018e+01,2.843315e+01,1.875582e+01,3.215350e+00,4.140744e+01,7.832288e-01,7.893274e+01,3.410911e+00,1.219651e+00,2.470875e+00,1.310713e+01,3.839756e+00,3.857472e-01,3.710051e+00,6.741723e+00,
1.148522e+00,6.660444e+01,2.166478e-01,5.085163e+01,5.154484e-01,1.079411e+01,4.674730e+01,1.861206e+01,3.216396e+00,4.424483e+01,7.662916e-01,7.905743e+01,3.401695e+00,1.220446e+00,2.618511e+00,1.301416e+01,3.834042e+00,3.837002e-01,3.554615e+00,6.720202e+00,
1.148081e+00,6.737329e+01,2.167021e-01,5.172942e+01,5.082120e-01,1.172023e+01,5.780211e+01,1.850755e+01,3.216815e+00,4.664681e+01,7.649603e-01,7.918559e+01,3.393145e+00,1.221209e+00,2.840049e+00,1.292087e+01,3.828959e+00,3.815536e-01,3.446551e+00,6.699155e+00,
1.147750e+00,6.770210e+01,2.170415e-01,5.250848e+01,4.998987e-01,1.231109e+01,6.155079e+01,1.842820e+01,3.216393e+00,4.826977e+01,7.901661e-01,7.933394e+01,3.384915e+00,1.222147e+00,3.100004e+00,1.282790e+01,3.824203e+00,3.795677e-01,3.372880e+00,6.678310e+00,
1.147338e+00,6.776219e+01,2.173364e-01,5.301768e+01,4.906202e-01,1.237149e+01,6.117455e+01,1.836198e+01,3.215116e+00,4.908543e+01,8.551955e-01,7.954044e+01,3.377177e+00,1.223126e+00,3.351009e+00,1.273657e+01,3.819900e+00,3.780090e-01,3.318562e+00,6.658053e+00,
1.146902e+00,6.772076e+01,2.172421e-01,5.318245e+01,4.807653e-01,1.197156e+01,5.868116e+01,1.829497e+01,3.213184e+00,4.935592e+01,9.672579e-01,7.984686e+01,3.369633e+00,1.224137e+00,3.558888e+00,1.264685e+01,3.816025e+00,3.771189e-01,3.267552e+00,6.638404e+00,
1.146234e+00,6.768782e+01,2.166136e-01,5.317300e+01,4.705276e-01,1.127087e+01,5.516912e+01,1.822381e+01,3.210491e+00,4.940166e+01,1.116982e+00,8.029523e+01,3.362494e+00,1.225014e+00,3.723157e+00,1.255849e+01,3.812270e+00,3.770257e-01,3.207135e+00,6.619412e+00,
1.145389e+00,6.773004e+01,2.153695e-01,5.390158e+01,4.602444e-01,1.041672e+01,5.128455e+01,1.815041e+01,3.207296e+00,4.939571e+01,1.277191e+00,8.091685e+01,3.355763e+00,1.225798e+00,3.889741e+00,1.247250e+01,3.808794e+00,3.778455e-01,3.130893e+00,6.600969e+00,
1.144341e+00,6.787997e+01,2.135378e-01,5.795557e+01,4.500652e-01,9.515363e+00,4.741387e+01,1.808208e+01,3.203572e+00,4.929247e+01,1.417230e+00,8.173046e+01,3.349082e+00,1.226275e+00,4.155013e+00,1.238890e+01,3.805283e+00,3.795862e-01,3.039333e+00,6.583061e+00,
1.143198e+00,6.814427e+01,2.112557e-01,6.804263e+01,4.401770e-01,8.633604e+00,4.375885e+01,1.802733e+01,3.199541e+00,4.892675e+01,1.519443e+00,8.275044e+01,3.342638e+00,1.226599e+00,4.639154e+00,1.230695e+01,3.802098e+00,3.822149e-01,2.937254e+00,6.565966e+00,
1.141717e+00,6.852253e+01,2.086514e-01,8.143629e+01,4.307705e-01,7.808530e+00,4.039719e+01,1.799407e+01,3.195415e+00,4.814342e+01,1.582837e+00,8.398566e+01,3.336467e+00,1.226597e+00,5.392684e+00,1.222669e+01,3.798643e+00,3.856051e-01,2.830425e+00,6.549699e+00,
1.139996e+00,6.900883e+01,2.058668e-01,9.173935e+01,4.218899e-01,7.058286e+00,3.732819e+01,1.798739e+01,3.191115e+00,4.689026e+01,1.617289e+00,8.545738e+01,3.330231e+00,1.226373e+00,6.291731e+00,1.214801e+01,3.795065e+00,3.894757e-01,2.724721e+00,6.533746e+00,
