2.96430e+05,3.15945e+05,2.78924e+05,3.20227e+05,2.73098e+05,3.13062e+05,3.22476e+05,3.22481e+05,3.02025e+05,2.96664e+05,3.12191e+05,2.90617e+05,3.03810e+05,3.05388e+05,3.26294e+05,3.18438e+05,3.02269e+05,3.06265e+05,3.02739e+05,3.08554e+05
6.93889e-18,6.93889e-18,6.93889e-18,6.93889e-18,6.93889e-18,6.93889e-18,6.93889e-18,6.93889e-18,6.93889e-18,6.93889e-18,6.93889e-18,6.93889e-18,6.93889e-18,6.93889e-18,6.93889e-18,6.93889e-18,6.93889e-18,6.93889e-18,6.93889e-18,6.93889e-18
2.42861e-17,5.20417e-18,4.85723e-17,3.46945e-17,3.81639e-17,1.73472e-17,3.46945e-17,2.08167e-17,3.12250e-17,1.90820e-17,2.42861e-17,1.90820e-17,2.77556e-17,2.42861e-17,3.46945e-18,4.20833e-09,4.16334e-17,2.25514e-17,6.24500e-17,1.21431e-17
4.16334e-17,1.56125e-17,6.93889e-17,3.12250e-17,4.16334e-17,5.89806e-17,3.46945e-17,2.77556e-17,4.51028e-17,2.60209e-17,5.89806e-17,1.73472e-17,4.85723e-17,1.73472e-17,3.46945e-17,3.46945e-18,1.04083e-17,2.42861e-17,1.38778e-16,3.12250e-17
6.24500e-17,1.21431e-17,1.38778e-17,4.16334e-17,1.38778e-16,6.24500e-17,2.08167e-17,1.38778e-17,1.38778e-17,4.16334e-17,4.16334e-17,0.00000e+00,2.42861e-17,4.85723e-17,2.42861e-17,4.20833e-09,8.32667e-17,2.42861e-17,6.93889e-17,1.38778e-17
1.38778e-17,1.90820e-17,6.93889e-17,7.63278e-17,2.35922e-16,2.77556e-17,4.85723e-17,2.08167e-17,1.38778e-17,8.32667e-17,1.38778e-17,1.40000e-09,4.85723e-17,4.85723e-17,1.73472e-17,4.20833e-09,6.24500e-17,2.42861e-17,1.11022e-16,6.24500e-17
4.16334e-17,1.73472e-17,1.94289e-16,6.24500e-17,2.35922e-16,6.93889e-18,1.24900e-16,6.93889e-18,6.24500e-17,8.32667e-17,2.08167e-17,2.25514e-17,6.93889e-17,2.08167e-17,2.42861e-17,1.68333e-08,6.93889e-18,4.85723e-17,1.94289e-16,2.77556e-17
4.16334e-17,0.00000e+00,1.94289e-16,6.93889e-17,1.94289e-16,8.32667e-17,0.00000e+00,7.63278e-17,1.24900e-16,1.66533e-16,6.24500e-17,1.73472e-17,6.93889e-18,1.38778e-17,0.00000e+00,1.24900e-16,0.00000e+00,1.04083e-16,2.22045e-16,3.46945e-17
1.38778e-17,2.08167e-17,5.55112e-17,9.02056e-17,3.33067e-16,1.24900e-16,1.38778e-16,6.93889e-18,1.66533e-16,1.11022e-16,4.16334e-17,1.04083e-17,8.32667e-17,2.08167e-16,1.04083e-17,8.32667e-17,0.00000e+00,6.93889e-18,8.32667e-17,8.32667e-17
4.16334e-17,4.16334e-17,4.16334e-16,1.70587e-09,1.38778e-16,4.16334e-17,1.52656e-16,4.85723e-17,4.16334e-17,7.77156e-16,2.77556e-17,2.08167e-17,9.71445e-17,1.66533e-16,2.77556e-17,4.20833e-08,4.85723e-17,6.93889e-18,1.66533e-16,4.16334e-17
6.93889e-17,3.46945e-17,1.38778e-16,5.48088e-09,2.77556e-16,1.24900e-16,6.93889e-17,1.11022e-16,1.38778e-17,3.33067e-16,9.71445e-17,1.40000e-09,6.93889e-18,1.38778e-17,2.77556e-17,4.20833e-08,6.24500e-17,9.71445e-17,2.49800e-16,9.71445e-17
4.16334e-17,6.93889e-17,8.32667e-17,1.37328e-08,2.22045e-16,2.22045e-16,1.38778e-17,9.71445e-17,1.24900e-16,6.10623e-16,1.38778e-17,2.77556e-17,2.08167e-17,1.24900e-16,4.16334e-17,4.20833e-08,9.02056e-17,9.71445e-17,6.10623e-16,9.71445e-17
1.66533e-16,9.71445e-17,1.11022e-16,3.30059e-08,3.33067e-16,1.66533e-16,1.38778e-17,1.52656e-16,6.93889e-17,4.66476e-08,1.24900e-16,4.16334e-17,5.55112e-17,8.32667e-17,2.77556e-17,4.20833e-08,5.55112e-17,1.94289e-16,3.33067e-16,1.80411e-16
1.11022e-16,0.00000e+00,1.11022e-16,7.89513e-08,3.33067e-16,3.60822e-16,5.55112e-17,6.93889e-17,8.32667e-17,9.32952e-08,1.80411e-16,1.40000e-09,5.55112e-17,2.77556e-16,6.93889e-17,5.55112e-17,6.24500e-17,1.38778e-17,3.88578e-16,1.94289e-16
8.32667e-17,1.11022e-16,1.66533e-16,1.74420e-07,2.77556e-16,2.22045e-16,1.80411e-16,1.52656e-16,1.38778e-16,2.79886e-07,1.11022e-16,1.40000e-09,1.11022e-16,3.05311e-16,6.24500e-17,5.55112e-17,1.24900e-16,8.32667e-17,6.10623e-16,2.77556e-16
0.00000e+00,1.38778e-16,1.94289e-16,2.71991e-07,4.44089e-16,3.33067e-16,1.38778e-16,0.00000e+00,2.49800e-16,5.13124e-07,6.93889e-17,2.77556e-17,9.71445e-17,1.94289e-16,3.46945e-17,8.32667e-17,0.00000e+00,2.22045e-16,2.22045e-16,1.66533e-16
3.33067e-16,3.60822e-16,2.22045e-16,3.27225e-07,6.10623e-16,3.33067e-16,2.22045e-16,1.11022e-16,8.32667e-17,7.46362e-07,1.38778e-16,1.40000e-09,6.93889e-18,3.05311e-16,1.04083e-16,4.44089e-16,1.11022e-16,2.22045e-16,7.77156e-16,1.38778e-16
4.44089e-16,3.88578e-16,1.38778e-16,3.36904e-07,5.55112e-16,6.10623e-16,3.05311e-16,1.11022e-16,2.77556e-17,1.02625e-06,4.16334e-17,1.40000e-09,4.16334e-17,4.71845e-16,1.11022e-16,5.27356e-16,2.22045e-16,5.55112e-17,7.21645e-16,4.44089e-16
7.77156e-16,2.49800e-16,3.33067e-16,5.39689e-07,3.88578e-16,5.55112e-16,2.77556e-16,2.77556e-17,2.49800e-16,1.25819e-06,1.24900e-16,1.40000e-09,4.16334e-17,2.22045e-16,7.63278e-17,5.55112e-16,1.66533e-16,0.00000e+00,4.44089e-16,2.77556e-17
7.77156e-16,2.77556e-17,1.11022e-16,5.13493e-07,3.88578e-16,5.55112e-17,1.11022e-16,8.32667e-17,4.44089e-16,1.44477e-06,6.93889e-17,1.40000e-09,0.00000e+00,2.77556e-16,8.32667e-17,3.60822e-16,0.00000e+00,8.32667e-17,1.11022e-16,5.55112e-17
7.77156e-16,2.77556e-16,1.52656e-16,2.95762e-07,3.88578e-16,2.77556e-16,1.66533e-16,1.38778e-16,1.11022e-16,1.53582e-06,6.93889e-17,9.71445e-17,1.94289e-16,6.66134e-16,8.32667e-17,6.10623e-16,8.32667e-17,5.55112e-17,5.55112e-17,8.32667e-17
4.44089e-16,2.77556e-16,1.38778e-17,4.14845e-07,5.55112e-16,0.00000e+00,2.22045e-16,1.52656e-16,4.44089e-16,1.54087e-06,1.38778e-17,0.00000e+00,1.94289e-16,0.00000e+00,9.71445e-17,3.88578e-16,4.16334e-17,1.94289e-16,0.00000e+00,3.33067e-16
9.99201e-16,1.38778e-16,2.08167e-16,1.00835e-06,6.10623e-16,5.55112e-17,3.88578e-16,9.71445e-17,3.88578e-16,1.49734e-06,6.93889e-17,3.60822e-16,2.77556e-17,3.33067e-16,4.16334e-17,4.99600e-16,1.66533e-16,1.80411e-16,6.66134e-16,2.22045e-16
0.00000e+00,1.66533e-16,2.08167e-16,1.61257e-06,8.88178e-16,2.77556e-17,2.22045e-16,1.94289e-16,5.55112e-16,1.32976e-06,1.38778e-17,3.33067e-16,8.32667e-17,3.33067e-16,1.24900e-16,9.43690e-16,2.77556e-17,2.08167e-16,9.99201e-16,0.00000e+00
1.22125e-15,1.38778e-16,1.80411e-16,1.81443e-06,5.55112e-16,3.33067e-16,1.38778e-16,4.16334e-17,3.88578e-16,1.10404e-06,2.35922e-16,5.55112e-17,2.49800e-16,4.99600e-16,0.00000e+00,2.77556e-16,0.00000e+00,1.80411e-16,1.11022e-15,6.10623e-16
1.11022e-15,1.66533e-16,4.16334e-17,1.87672e-06,2.77556e-16,4.99600e-16,8.32667e-17,5.55112e-17,3.88578e-16,6.63400e-07,1.11022e-16,4.44089e-16,3.88578e-16,1.11022e-16,1.52656e-16,9.99201e-16,1.94289e-16,2.49800e-16,5.55112e-16,5.55112e-16
1.11022e-16,2.49800e-16,4.16334e-17,2.16400e-06,0.00000e+00,2.77556e-17,3.05311e-16,9.71445e-17,4.44089e-16,4.66579e-07,1.38778e-16,4.44089e-16,0.00000e+00,7.21645e-16,6.93889e-17,3.88578e-16,2.77556e-17,4.16334e-17,6.66134e-16,6.10623e-16
0.00000e+00,1.11022e-16,1.66533e-16,2.46358e-06,4.44089e-16,3.33067e-16,1.66533e-16,1.38778e-16,7.21645e-16,1.52548e-06,1.66533e-16,6.10623e-16,5.55112e-16,7.77156e-16,2.22045e-16,6.66134e-16,3.33067e-16,2.77556e-17,0.00000e+00,3.88578e-16
9.99201e-16,5.55112e-17,9.71445e-17,2.42282e-06,3.33067e-16,2.77556e-17,0.00000e+00,1.66533e-16,5.55112e-16,2.90320e-06,6.93889e-17,6.10623e-16,3.88578e-16,3.33067e-16,6.93889e-17,4.44089e-16,2.77556e-16,1.52656e-16,7.77156e-16,6.10623e-16
6.66134e-16,1.66533e-16,9.71445e-17,1.95151e-06,7.21645e-16,1.38778e-16,2.77556e-16,1.52656e-16,6.66134e-16,5.50227e-06,2.77556e-17,4.44089e-16,7.21645e-16,3.33067e-16,2.49800e-16,4.99600e-16,1.94289e-16,1.38778e-17,1.11022e-15,6.10623e-16
2.22045e-16,4.16334e-16,1.38778e-16,1.45915e-06,5.55112e-17,1.38778e-16,1.11022e-16,1.66533e-16,7.21645e-16,5.32946e-06,4.16334e-17,4.99600e-16,1.66533e-16,5.55112e-16,3.05311e-16,7.77156e-16,1.66533e-16,1.38778e-16,1.22125e-15,8.32667e-16
1.11022e-15,5.55112e-17,1.38778e-16,1.42907e-06,3.88578e-16,1.11022e-16,3.05311e-16,1.24900e-16,4.44089e-16,4.76665e-06,9.71445e-17,1.11022e-16,2.77556e-16,0.00000e+00,2.77556e-16,2.37487e-08,2.22045e-16,3.05311e-16,3.33067e-16,3.88578e-16
1.44329e-15,1.11022e-16,4.16334e-17,1.77178e-06,1.94289e-16,2.22045e-16,4.71845e-16,5.55112e-17,2.22045e-16,5.65212e-06,9.71445e-17,7.77156e-16,2.22045e-16,0.00000e+00,3.88578e-16,2.37487e-08,4.71845e-16,1.66533e-16,7.77156e-16,0.00000e+00
4.44089e-16,3.33067e-16,9.71445e-17,2.78340e-06,3.05311e-16,1.11022e-16,5.55112e-17,1.94289e-16,4.44089e-16,5.39135e-06,1.66533e-16,3.46987e-08,3.33067e-16,6.10623e-16,1.66533e-16,1.70587e-08,8.32667e-17,1.94289e-16,1.22125e-15,4.44089e-16
1.44329e-15,1.94289e-16,6.93889e-17,4.10359e-06,3.33067e-16,3.88578e-16,2.77556e-17,1.66533e-16,1.16573e-15,4.98381e-06,1.11022e-16,1.11022e-15,2.22045e-16,8.32667e-16,3.33067e-16,6.00000e-08,6.10623e-16,2.49800e-16,0.00000e+00,5.55112e-16
7.77156e-16,3.33067e-16,8.32667e-17,4.63979e-06,2.22045e-16,5.55112e-17,1.94289e-16,0.00000e+00,1.11022e-15,4.74679e-06,8.32667e-17,6.66134e-16,1.66533e-16,6.10623e-16,2.77556e-16,4.12146e-07,4.80000e-08,8.32667e-17,1.11022e-16,7.21645e-16
1.22125e-15,2.77556e-17,1.24900e-16,5.25282e-06,2.49800e-16,3.60822e-16,2.77556e-16,2.22045e-16,7.77156e-16,5.12319e-06,1.24900e-16,2.22045e-16,8.32667e-16,6.66134e-16,4.16334e-16,2.06528e-06,2.43004e-07,2.77556e-16,9.99201e-16,1.33227e-15
9.99201e-16,4.71845e-16,1.24900e-16,6.09733e-06,2.77556e-17,4.16334e-16,1.94289e-16,1.66533e-16,7.21645e-16,7.40689e-06,1.66533e-16,1.11022e-16,6.10623e-16,9.99201e-16,3.33067e-16,3.26694e-06,6.98406e-07,3.33067e-16,9.99201e-16,1.11022e-15
3.33067e-16,2.22045e-16,5.55112e-17,6.62232e-06,3.60822e-16,1.11022e-16,3.05311e-16,2.49800e-16,1.22125e-15,1.00968e-05,5.55112e-17,2.22045e-16,1.11022e-15,1.05471e-15,7.21645e-16,3.30417e-06,1.20432e-06,5.55112e-17,0.00000e+00,6.66134e-16
1.44329e-15,2.77556e-17,9.71445e-17,6.90865e-06,4.71845e-16,4.16334e-16,0.00000e+00,3.60822e-16,6.66134e-16,1.40160e-05,1.11022e-16,9.99201e-16,1.11022e-15,5.55112e-16,3.88578e-16,4.88062e-06,1.50694e-06,2.77556e-17,5.55112e-16,1.33227e-15
6.66134e-16,4.99600e-16,1.52656e-16,6.37338e-06,3.33067e-16,2.22045e-16,3.33067e-16,3.60822e-16,8.88178e-16,1.17760e-05,2.22045e-16,3.75633e-08,3.33067e-16,5.55112e-17,9.43690e-16,6.11009e-06,1.48131e-06,3.05311e-16,5.55112e-16,8.88178e-16
1.22125e-15,4.99600e-16,1.38778e-16,7.30364e-06,4.16334e-16,1.66533e-16,2.77556e-17,1.11022e-16,9.99201e-16,1.00905e-05,9.71445e-17,7.77156e-16,8.88178e-16,5.55112e-16,6.10623e-16,6.11001e-06,1.62581e-06,8.32667e-17,8.88178e-16,3.33067e-16
1.22125e-15,3.33067e-16,6.93889e-17,7.59040e-06,1.11022e-16,0.00000e+00,2.77556e-16,8.32667e-17,1.11022e-15,8.89660e-06,8.32667e-17,1.55431e-15,6.66134e-16,2.22045e-16,1.66533e-16,6.10907e-06,1.72260e-06,5.55112e-17,6.66134e-16,8.88178e-16
7.77156e-16,3.33067e-16,9.71445e-17,8.31902e-06,3.05311e-16,6.66134e-16,3.88578e-16,4.99600e-16,4.44089e-16,7.15764e-06,8.32667e-17,1.11022e-15,1.22125e-15,1.11022e-16,8.32667e-16,4.04418e-06,1.97274e-06,5.55112e-17,1.33227e-15,1.22125e-15
5.55112e-16,3.88578e-16,1.38778e-17,9.04673e-06,1.94289e-16,8.32667e-16,2.77556e-16,2.77556e-16,1.11022e-16,8.05940e-06,5.55112e-17,2.66454e-15,5.55112e-16,8.88178e-16,0.00000e+00,4.51849e-06,2.00985e-06,2.22045e-16,1.11022e-16,9.99201e-16
1.22125e-15,2.77556e-16,0.00000e+00,7.67318e-06,8.32667e-17,4.44089e-16,3.88578e-16,4.99600e-16,7.77156e-16,1.07598e-05,1.38778e-16,6.66134e-16,3.33067e-16,6.66134e-16,6.66134e-16,4.98569e-06,4.11456e-06,8.32667e-17,4.44089e-16,2.44249e-15
8.88178e-16,5.55112e-16,1.66533e-16,9.19440e-06,2.22045e-16,4.44089e-16,6.66134e-16,5.55112e-16,4.44089e-16,1.17606e-05,1.66533e-16,1.77636e-15,8.88178e-16,7.77156e-16,4.44089e-16,6.79291e-06,8.63891e-06,3.05311e-16,4.44089e-16,1.11022e-15
6.66134e-16,7.77156e-16,5.55112e-17,1.00893e-05,2.77556e-17,4.99600e-16,4.99600e-16,2.77556e-16,3.33067e-16,1.46916e-05,2.22045e-16,8.88178e-16,7.77156e-16,1.88738e-15,1.22125e-15,6.83771e-06,8.50116e-06,5.55112e-17,2.44249e-15,8.88178e-16
5.55112e-16,8.32667e-16,1.11022e-16,9.53297e-06,2.77556e-17,3.33067e-16,1.66533e-16,3.88578e-16,4.44089e-16,1.67031e-05,0.00000e+00,1.33227e-15,6.66134e-16,3.33067e-16,7.77156e-16,7.21493e-06,1.36875e-05,3.33067e-16,1.55431e-15,1.33227e-15
3.33067e-16,3.88578e-16,6.93889e-17,9.38328e-06,2.77556e-16,2.22045e-16,1.11022e-16,6.10623e-16,1.33227e-15,1.79391e-05,2.49800e-16,1.99840e-15,2.22045e-16,0.00000e+00,8.88178e-16,7.58487e-06,1.14730e-05,2.22045e-16,8.88178e-16,0.00000e+00
1.77636e-15,5.18748e-08,1.11022e-16,1.06012e-05,1.94289e-16,2.22045e-16,9.99201e-16,1.11022e-16,1.11022e-16,1.71096e-05,1.94289e-16,1.70587e-07,1.55431e-15,2.22045e-16,9.99201e-16,1.00007e-05,1.16480e-05,1.11022e-16,0.00000e+00,8.88178e-16
7.77156e-16,2.09330e-07,9.71445e-17,1.42735e-05,1.66533e-16,4.99600e-16,4.99600e-16,4.44089e-16,1.33227e-15,1.37747e-05,3.05311e-16,3.12890e-07,1.55431e-15,0.00000e+00,1.33227e-15,8.79554e-06,1.25453e-05,1.38778e-16,1.33227e-15,1.11022e-15
5.55112e-16,6.15151e-07,4.16334e-17,1.04051e-05,3.05311e-16,8.88178e-16,1.66533e-16,2.77556e-16,1.11022e-16,1.33841e-05,2.22045e-16,2.22045e-15,1.99840e-15,1.11022e-15,1.55431e-15,8.50446e-06,1.18080e-05,2.77556e-16,2.66454e-15,1.55431e-15
2.22045e-16,1.29788e-06,1.38778e-16,9.22312e-06,3.05311e-16,1.11022e-16,9.99201e-16,1.66533e-16,8.88178e-16,1.07102e-05,1.66533e-16,9.94987e-08,1.55431e-15,7.77156e-16,9.99201e-16,1.26403e-05,1.41981e-05,1.94289e-16,1.33227e-15,2.44249e-15
0.00000e+00,2.04644e-06,4.16334e-17,8.04574e-06,1.38778e-16,8.88178e-16,4.99600e-16,4.99600e-16,8.88178e-16,1.65047e-05,2.22045e-16,1.40000e-07,8.88178e-16,9.99201e-16,9.99201e-16,1.33164e-05,1.50460e-05,8.32667e-17,2.22045e-16,4.44089e-16
0.00000e+00,2.68663e-06,1.11022e-16,6.61250e-06,5.55112e-17,9.99201e-16,1.22125e-15,6.66134e-16,1.33227e-15,2.29131e-05,2.22045e-16,2.37487e-07,1.33227e-15,4.44089e-16,4.44089e-16,1.66808e-05,1.62128e-05,3.33067e-16,1.55431e-15,1.99840e-15
1.66533e-15,3.11254e-06,1.24900e-16,7.73963e-06,1.66533e-16,5.55112e-16,5.55112e-16,3.33067e-16,2.33147e-15,2.25924e-05,1.38778e-16,3.46987e-07,1.77636e-15,1.11022e-15,7.77156e-16,1.25305e-05,1.99794e-05,1.66533e-16,6.66134e-16,1.55431e-15
2.22045e-16,5.64128e-06,9.71445e-17,1.00399e-05,8.32667e-17,9.99201e-16,0.00000e+00,2.77556e-16,3.33067e-16,1.88660e-05,1.66533e-16,1.95959e-07,1.33227e-15,3.33067e-16,1.44329e-15,1.22327e-05,2.01219e-05,1.66533e-16,2.22045e-15,2.88658e-15
6.66134e-16,8.04722e-06,9.71445e-17,1.06874e-05,5.55112e-17,0.00000e+00,0.00000e+00,2.22045e-16,1.55431e-15,1.96312e-05,1.11022e-16,3.05941e-07,0.00000e+00,1.22125e-15,3.33067e-16,1.38733e-05,1.70742e-05,3.33067e-16,4.44089e-16,1.99840e-15
1.44329e-15,9.15309e-06,6.93889e-17,1.07379e-05,2.77556e-17,7.77156e-16,7.77156e-16,5.55112e-17,1.55431e-15,2.21842e-05,3.33067e-16,1.40000e-07,2.88658e-15,7.77156e-16,8.88178e-16,1.39537e-05,1.79249e-05,1.66533e-16,2.66454e-15,2.22045e-15
8.88178e-16,8.40497e-06,1.80411e-16,1.16429e-05,2.77556e-17,3.33067e-16,7.77156e-16,1.70587e-08,1.55431e-15,2.16982e-05,3.33067e-16,1.70587e-07,4.44089e-16,1.33227e-15,7.77156e-16,1.32570e-05,2.11956e-05,1.66533e-16,3.33067e-15,2.22045e-15
1.66533e-15,1.51393e-05,1.52656e-16,1.10620e-05,2.77556e-17,4.44089e-16,2.22045e-16,4.53762e-08,1.11022e-15,2.06743e-05,5.55112e-17,1.70587e-07,4.44089e-16,0.00000e+00,1.44329e-15,1.43156e-05,1.64802e-05,8.32667e-17,1.11022e-15,1.55431e-15
6.66134e-16,1.05164e-05,5.55112e-17,1.01302e-05,2.77556e-17,8.88178e-16,1.33227e-15,9.67678e-08,1.77636e-15,1.79028e-05,2.49800e-16,4.94368e-07,2.22045e-16,5.55112e-16,1.11022e-16,9.74166e-06,1.70595e-05,1.94289e-16,1.55431e-15,1.55431e-15
1.11022e-15,8.60913e-06,4.16334e-17,1.00415e-05,1.38778e-16,1.33227e-15,7.77156e-16,4.26121e-07,2.66454e-15,1.49110e-05,1.38778e-16,3.71349e-07,2.88658e-15,2.22045e-16,6.66134e-16,1.19879e-05,1.88757e-05,1.66533e-16,1.99840e-15,1.99840e-15
0.00000e+00,9.15054e-06,6.93889e-17,1.03319e-05,2.49800e-16,8.88178e-16,1.44329e-15,8.83516e-07,0.00000e+00,1.42470e-05,2.22045e-16,5.81034e-07,1.11022e-15,5.55112e-16,4.44089e-16,1.19720e-05,1.85115e-05,8.32667e-17,2.22045e-16,8.88178e-16
4.44089e-16,9.99003e-06,1.11022e-16,1.04103e-05,1.94289e-16,7.77156e-16,0.00000e+00,1.49208e-06,1.11022e-15,1.59755e-05,1.66533e-16,6.48383e-07,1.33227e-15,1.44329e-15,7.77156e-16,1.68241e-05,1.73972e-05,5.55112e-17,6.66134e-16,0.00000e+00
9.99201e-16,9.59213e-06,1.66533e-16,1.08342e-05,5.55112e-17,1.22125e-15,0.00000e+00,1.38433e-06,4.44089e-16,1.68205e-05,5.55112e-16,6.70820e-07,1.11022e-15,0.00000e+00,1.22125e-15,1.82095e-05,1.56653e-05,1.38778e-16,2.66454e-15,1.33227e-15
1.44329e-15,1.19551e-05,9.71445e-17,1.28422e-05,5.55112e-17,0.00000e+00,1.11022e-16,4.42622e-06,1.55431e-15,1.75617e-05,1.66533e-16,8.65506e-07,3.33067e-15,6.66134e-16,1.11022e-16,2.04097e-05,1.39033e-05,2.77556e-17,1.77636e-15,1.11022e-15
2.22045e-16,7.94574e-06,6.93889e-17,1.31500e-05,3.60822e-16,5.55112e-16,5.55112e-16,3.91755e-06,1.55431e-15,1.92131e-05,4.71845e-16,1.10436e-06,1.11022e-15,1.77636e-15,5.55112e-16,2.07822e-05,1.84258e-05,1.38778e-16,2.44249e-15,1.99840e-15
2.22045e-16,1.31721e-05,1.24900e-16,1.35658e-05,2.22045e-16,6.66134e-16,1.11022e-16,1.12177e-06,1.55431e-15,1.89410e-05,3.33067e-16,1.37535e-06,1.55431e-15,1.22125e-15,5.55112e-16,2.38323e-05,2.28632e-05,2.77556e-16,1.77636e-15,1.55431e-15
7.77156e-16,8.06624e-06,6.93889e-17,1.51976e-05,1.94289e-16,5.55112e-16,7.77156e-16,3.29707e-06,2.22045e-15,1.64159e-05,3.33067e-16,1.69502e-06,2.44249e-15,9.99201e-16,7.77156e-16,2.34064e-05,1.88263e-05,1.38778e-16,6.66134e-16,1.55431e-15
5.55112e-16,6.92786e-06,9.71445e-17,1.72913e-05,5.55112e-17,9.99201e-16,7.77156e-16,2.64944e-06,2.88658e-15,1.75338e-05,5.55112e-16,1.96924e-06,1.99840e-15,1.11022e-15,7.77156e-16,2.13270e-05,2.24540e-05,1.94289e-16,2.22045e-15,1.11022e-15
4.44089e-16,6.12552e-06,6.93889e-17,1.66362e-05,2.22045e-16,3.33067e-16,1.11022e-16,3.42276e-06,1.11022e-15,1.62506e-05,6.66134e-16,2.20678e-06,6.66134e-16,1.11022e-15,1.33227e-15,2.08344e-05,1.98118e-05,1.66533e-16,1.99840e-15,1.11022e-15
5.55112e-16,6.49410e-06,1.52656e-16,1.47386e-05,3.33067e-16,7.77156e-16,4.44089e-16,4.12303e-06,1.77636e-15,1.49859e-05,1.66533e-16,2.58457e-06,2.66454e-15,9.99201e-16,1.33227e-15,2.44522e-05,1.73865e-05,2.22045e-16,2.66454e-15,2.44249e-15
9.99201e-16,5.10614e-06,5.55112e-17,1.37251e-05,1.66533e-16,7.77156e-16,5.55112e-16,4.61349e-06,2.22045e-15,2.48757e-05,6.66134e-16,3.15474e-06,3.10862e-15,1.11022e-16,9.99201e-16,2.51223e-05,1.98339e-05,3.05311e-16,1.33227e-15,2.44249e-15
8.88178e-16,6.69843e-06,8.32667e-17,1.46398e-05,2.22045e-16,2.22045e-16,5.55112e-16,4.60952e-06,1.99840e-15,3.09535e-05,6.10623e-16,3.71397e-06,1.77636e-15,0.00000e+00,4.44089e-16,2.44705e-05,2.50272e-05,2.22045e-16,2.44249e-15,1.99840e-15
7.77156e-16,4.90354e-06,5.55112e-17,1.53332e-05,1.11022e-16,1.11022e-15,3.33067e-16,4.13009e-06,1.77636e-15,2.70699e-05,5.55112e-17,4.34645e-06,1.99840e-15,9.99201e-16,5.55112e-16,2.53903e-05,2.67887e-05,1.94289e-16,4.44089e-16,1.55431e-15
5.55112e-16,4.84696e-06,8.32667e-17,1.49061e-05,8.32667e-17,0.00000e+00,7.77156e-16,3.47271e-06,0.00000e+00,2.51294e-05,3.88578e-16,4.90244e-06,1.11022e-15,0.00000e+00,5.55112e-16,2.62478e-05,2.07546e-05,3.05311e-16,8.88178e-16,1.11022e-15
6.66134e-16,5.12651e-06,9.71445e-17,1.79401e-05,3.05311e-16,4.44089e-16,1.11022e-16,3.22490e-06,0.00000e+00,2.47214e-05,8.32667e-16,5.16383e-06,1.55431e-15,6.66134e-16,6.66134e-16,2.75317e-05,2.16100e-05,2.22045e-16,1.77636e-15,1.55431e-15
3.33067e-16,4.01711e-06,2.77556e-17,2.02815e-05,3.33067e-16,7.77156e-16,1.11022e-16,4.02572e-06,2.22045e-15,2.36885e-05,6.66134e-16,5.52104e-06,2.88658e-15,2.22045e-16,8.88178e-16,2.25680e-05,1.82921e-05,0.00000e+00,6.66134e-16,1.77636e-15
1.22125e-15,4.19102e-06,6.93889e-17,2.23742e-05,8.32667e-17,8.88178e-16,1.22125e-15,5.77113e-06,2.66454e-15,2.21249e-05,4.99600e-16,5.86682e-06,1.77636e-15,7.77156e-16,7.77156e-16,3.00012e-05,1.83243e-05,1.38778e-16,1.77636e-15,1.33227e-15
5.55112e-16,6.44153e-06,9.71445e-17,1.96911e-05,1.38778e-16,9.99201e-16,0.00000e+00,6.70895e-06,3.33067e-15,2.15796e-05,7.21645e-16,6.51288e-06,3.77476e-15,3.33067e-16,8.88178e-16,2.00559e-05,2.06343e-05,2.77556e-16,8.88178e-16,0.00000e+00
5.55112e-16,1.33606e-05,4.16334e-17,1.99195e-05,2.77556e-17,4.44089e-16,8.88178e-16,5.69803e-06,3.10862e-15,1.96502e-05,3.33067e-16,7.05184e-06,1.11022e-15,5.55112e-16,7.21645e-16,1.54603e-05,1.57245e-05,3.05311e-16,2.44249e-15,1.99840e-15
1.22125e-15,1.15676e-05,1.11022e-16,2.22532e-05,3.33067e-16,4.44089e-16,0.00000e+00,4.46403e-06,1.33227e-15,1.81018e-05,2.22045e-16,6.90235e-06,3.77476e-15,7.77156e-16,1.66533e-16,1.44907e-05,1.40990e-05,1.38778e-16,1.99840e-15,1.33227e-15
6.66134e-16,1.46436e-05,1.38778e-16,2.38799e-05,1.38778e-16,8.88178e-16,5.55112e-16,3.85092e-06,8.88178e-16,1.84453e-05,2.77556e-16,6.61918e-06,1.11022e-15,1.11022e-15,6.10623e-16,1.73836e-05,1.40541e-05,3.05311e-16,1.77636e-15,1.33227e-15
6.66134e-16,2.51609e-05,1.66533e-16,2.18240e-05,2.77556e-17,1.22125e-15,2.22045e-16,3.91918e-06,1.77636e-15,2.01859e-05,1.11022e-16,6.47611e-06,1.11022e-15,7.77156e-16,2.22045e-16,1.78764e-05,1.41168e-05,1.94289e-16,1.99840e-15,2.44249e-15
6.66134e-16,1.24764e-05,1.11022e-16,2.01825e-05,2.49800e-16,2.22045e-16,3.33067e-16,3.72659e-06,1.77636e-15,2.28478e-05,2.77556e-16,6.57829e-06,2.66454e-15,4.44089e-16,5.55112e-16,1.65599e-05,1.50479e-05,1.11022e-16,1.55431e-15,1.55431e-15
4.44089e-16,2.25630e-05,1.24900e-16,2.18800e-05,1.38778e-16,7.77156e-16,8.88178e-16,4.29670e-06,4.44089e-16,2.53286e-05,6.10623e-16,6.95943e-06,6.66134e-16,1.11022e-16,2.77556e-16,1.66340e-05,1.75199e-05,1.38778e-16,2.66454e-15,1.33227e-15
5.55112e-16,1.65092e-05,0.00000e+00,2.43613e-05,2.77556e-17,6.66134e-16,1.33227e-15,5.51249e-06,3.33067e-15,2.39220e-05,4.44089e-16,7.37737e-06,8.88178e-16,9.99201e-16,4.99600e-16,1.53267e-05,1.86066e-05,0.00000e+00,8.88178e-16,0.00000e+00
1.22125e-15,1.35277e-05,1.24900e-16,2.61644e-05,1.94289e-16,6.66134e-16,1.55431e-15,5.30919e-06,6.66134e-16,2.39957e-05,5.55112e-17,7.99206e-06,1.55431e-15,8.88178e-16,6.66134e-16,1.95904e-05,2.00618e-05,1.38778e-16,1.55431e-15,4.44089e-16
3.33067e-16,9.11888e-06,1.38778e-16,2.46643e-05,1.66533e-16,7.77156e-16,1.55431e-15,6.05953e-06,2.44249e-15,2.35197e-05,5.55112e-16,8.54786e-06,1.11022e-15,8.88178e-16,9.43690e-16,2.15639e-05,2.13141e-05,1.66533e-16,1.11022e-15,4.44089e-16
7.77156e-16,1.40620e-05,1.52656e-16,2.10344e-05,4.16334e-16,1.22125e-15,1.11022e-16,7.01355e-06,3.77476e-15,2.54597e-05,7.21645e-16,9.15185e-06,2.22045e-15,6.66134e-16,1.11022e-16,2.02897e-05,1.92973e-05,8.32667e-17,1.55431e-15,4.44089e-16
9.99201e-16,9.99800e-06,1.24900e-16,1.95990e-05,1.62413e-06,7.77156e-16,4.44089e-16,7.88083e-06,2.22045e-16,2.43851e-05,3.88578e-16,9.67952e-06,1.99840e-15,1.70587e-08,5.55112e-17,2.13279e-05,1.84006e-05,2.49800e-16,1.55431e-15,1.11022e-15
7.48331e-08,1.02353e-05,8.32667e-17,1.86509e-05,2.31112e-06,0.00000e+00,4.44089e-16,8.48063e-06,6.66134e-16,2.21165e-05,0.00000e+00,1.01366e-05,6.66134e-16,4.37223e-07,5.55112e-16,2.29248e-05,1.95662e-05,2.22045e-16,1.55431e-15,2.44249e-15
3.38424e-07,9.89477e-06,6.93889e-17,2.64611e-05,5.83018e-05,1.22125e-15,8.88178e-16,8.30722e-06,2.88658e-15,3.13204e-05,1.66533e-16,1.04954e-05,1.55431e-15,1.42692e-06,7.21645e-16,2.44312e-05,2.05286e-05,2.49800e-16,1.55431e-15,2.66454e-15
3.26887e-06,1.04396e-05,1.94289e-16,2.85331e-05,9.72213e-05,7.77156e-16,1.55431e-15,7.55577e-06,1.99840e-15,3.46994e-05,5.55112e-17,1.06000e-05,1.77636e-15,5.79128e-06,2.22045e-16,2.70878e-05,2.19275e-05,8.32667e-17,2.22045e-15,1.33227e-15
4.71513e-06,1.15771e-05,6.93889e-17,2.66366e-05,6.94027e-05,1.11022e-15,1.55431e-15,7.03801e-06,6.66134e-16,3.39441e-05,1.11022e-16,1.06607e-05,1.11022e-15,1.34405e-05,0.00000e+00,3.09019e-05,2.51731e-05,3.33067e-16,2.22045e-15,1.55431e-15
8.19682e-06,9.13884e-06,9.71445e-17,3.06419e-05,5.28249e-05,1.44329e-15,1.33227e-15,8.79738e-06,2.88658e-15,3.32464e-05,5.55112e-17,1.06559e-05,2.88658e-15,1.98703e-05,4.44089e-16,3.81817e-05,2.82511e-05,2.49800e-16,4.44089e-16,4.82804e-07
1.00252e-05,1.23330e-05,9.71445e-17,2.85512e-05,5.72943e-05,9.99201e-16,2.44249e-15,1.09688e-05,1.55431e-15,3.59899e-05,7.21645e-16,1.07753e-05,1.05376e-06,1.64349e-05,4.99600e-16,2.90680e-05,3.28795e-05,3.60822e-16,1.55431e-15,5.91608e-07
1.63778e-05,1.45371e-05,1.11022e-16,3.11603e-05,4.45597e-05,8.88178e-16,1.11022e-15,1.18420e-05,3.77476e-15,3.94794e-05,0.00000e+00,1.07885e-05,7.00413e-06,2.20731e-05,5.55112e-17,3.02534e-05,3.75903e-05,2.22045e-16,1.55431e-15,6.53835e-07
2.01852e-05,1.29580e-05,1.24900e-16,2.94067e-05,4.42191e-05,9.99201e-16,2.44249e-15,1.30127e-05,2.44249e-15,4.16008e-05,5.55112e-17,1.08172e-05,1.20972e-05,2.06699e-05,9.43690e-16,3.01099e-05,3.93176e-05,1.66533e-16,1.33227e-15,6.81046e-06
1.32531e-05,1.34096e-05,9.71445e-17,2.77901e-05,5.21637e-05,1.11022e-15,2.44249e-15,1.24691e-05,8.88178e-16,4.39580e-05,8.32667e-16,1.07980e-05,1.16556e-05,2.06568e-05,4.44089e-16,2.45734e-05,3.33606e-05,1.11022e-16,1.55431e-15,7.43082e-06
1.14937e-05,9.69170e-06,1.66533e-16,2.66797e-05,8.09813e-05,2.22045e-16,8.88178e-16,1.17825e-05,2.66454e-15,4.21472e-05,4.44089e-16,1.09207e-05,1.80501e-05,1.94584e-05,2.77556e-16,2.60319e-05,2.67015e-05,1.94289e-16,2.66454e-15,5.77238e-06
1.65386e-05,1.15900e-05,4.16334e-17,3.13342e-05,1.39012e-04,1.22125e-15,2.66454e-15,1.18744e-05,2.66454e-15,4.91874e-05,6.10623e-16,1.10883e-05,3.83546e-05,2.10360e-05,1.66533e-16,2.06250e-05,2.90049e-05,1.66533e-16,0.00000e+00,3.99855e-06
2.55272e-05,1.28328e-05,1.38778e-16,3.66306e-05,2.28810e-04,6.66134e-16,1.77636e-15,9.21596e-06,6.66134e-16,4.39442e-05,0.00000e+00,1.12092e-05,3.34517e-05,2.68218e-05,6.10623e-16,1.94479e-05,3.02556e-05,3.33067e-16,1.99840e-15,1.67167e-05
2.49812e-05,2.14066e-05,8.32667e-17,4.40028e-05,3.50435e-04,4.44089e-16,2.22045e-15,1.01775e-05,8.88178e-16,4.58069e-05,3.88578e-16,1.14887e-05,3.05268e-05,2.98032e-05,4.99600e-16,2.06702e-05,2.94006e-05,1.94289e-16,2.44249e-15,1.18457e-05
2.45916e-05,2.18901e-05,2.77556e-17,4.19333e-05,4.99753e-04,3.33067e-16,1.55431e-15,1.22483e-05,6.66134e-16,5.36172e-05,3.88578e-16,1.18429e-05,2.60348e-05,2.97913e-05,2.22045e-16,2.36821e-05,3.38113e-05,2.77556e-16,1.55431e-15,1.01764e-05
2.74006e-05,3.45805e-05,6.93889e-17,4.17955e-05,6.51932e-04,1.11022e-15,2.22045e-16,9.15478e-06,2.22045e-15,4.87912e-05,3.33067e-16,1.22048e-05,2.89737e-05,2.82757e-05,8.88178e-16,2.36382e-05,3.14933e-05,1.38778e-16,2.44249e-15,1.06563e-05
2.99845e-05,2.93302e-05,1.66533e-16,4.29117e-05,7.97557e-04,1.11022e-16,1.99840e-15,1.05894e-05,2.22045e-15,5.53159e-05,6.10623e-16,1.26034e-05,3.42715e-05,2.84254e-05,5.55112e-17,2.52774e-05,3.09934e-05,2.49800e-16,1.99840e-15,1.34054e-05
4.12501e-05,3.21392e-05,1.11022e-16,4.96471e-05,9.05612e-04,1.33227e-15,2.44249e-15,9.13168e-06,0.00000e+00,5.79074e-05,2.77556e-16,1.31384e-05,2.84753e-05,2.93759e-05,6.10623e-16,2.80754e-05,3.07272e-05,1.11022e-16,1.55431e-15,1.76296e-05
5.19351e-05,3.29154e-05,1.11022e-16,3.45592e-05,9.70247e-04,7.77156e-16,8.88178e-16,1.24708e-05,3.33067e-15,5.04031e-05,6.10623e-16,1.37001e-05,3.48814e-05,2.86035e-05,6.66134e-16,3.07380e-05,3.89656e-05,1.94289e-16,2.88658e-15,2.14095e-05
7.32257e-05,2.82248e-05,1.24900e-16,2.91298e-05,9.87581e-04,6.66134e-16,1.77636e-15,1.01947e-05,1.77636e-15,5.92361e-05,0.00000e+00,1.41425e-05,2.76459e-05,2.67565e-05,3.88578e-16,3.15976e-05,3.95536e-05,5.55112e-17,1.55431e-15,2.73264e-05
1.03742e-04,1.91311e-05,0.00000e+00,2.67004e-05,9.68172e-04,9.99201e-16,1.77636e-15,1.11860e-05,1.99840e-15,5.37272e-05,6.66134e-16,1.46038e-05,3.13187e-05,2.12580e-05,4.44089e-16,3.04369e-05,3.52561e-05,2.49800e-16,1.99840e-15,4.80434e-05
1.50846e-04,2.12692e-05,1.24900e-16,2.79012e-05,9.18582e-04,3.33067e-16,1.99840e-15,1.20732e-05,1.11022e-15,5.21163e-05,4.44089e-16,1.54048e-05,3.99216e-05,2.31023e-05,1.40000e-08,3.97054e-05,4.42095e-05,2.77556e-16,1.33227e-15,7.97919e-05
2.21449e-04,2.04213e-05,1.11022e-16,3.00286e-05,8.39912e-04,8.32667e-16,0.00000e+00,1.09210e-05,1.55431e-15,5.51141e-05,2.77556e-16,1.60287e-05,4.08952e-05,2.63539e-05,6.26418e-08,4.67049e-05,4.80795e-05,1.94289e-16,1.33227e-15,1.23646e-04
3.35709e-04,2.59392e-05,8.32667e-17,3.36970e-05,7.57303e-04,4.20000e-08,4.44860e-07,9.51775e-06,2.22045e-16,5.93883e-05,3.88578e-16,1.64495e-05,3.95888e-05,2.51012e-05,3.75308e-07,4.41900e-05,4.42382e-05,1.11022e-16,2.37487e-07,1.89001e-04
4.93477e-04,1.77487e-05,1.24900e-16,3.30480e-05,6.70052e-04,7.00000e-08,6.78233e-07,8.23891e-06,1.99840e-15,6.32238e-05,5.55112e-16,1.66538e-05,4.73924e-05,2.58273e-05,9.21657e-07,4.57559e-05,4.48280e-05,2.49800e-16,2.55147e-07,2.67886e-04
7.31702e-04,1.72415e-05,9.71445e-17,3.79314e-05,5.86667e-04,2.10000e-06,1.07146e-05,8.08074e-06,2.22045e-15,5.78214e-05,6.66134e-16,1.68851e-05,4.88775e-05,2.63405e-05,1.94529e-06,5.74862e-05,5.32135e-05,1.66533e-16,2.37487e-07,3.82007e-04
1.09039e-03,2.02229e-05,6.93889e-17,3.68250e-05,5.05429e-04,3.26200e-06,2.10442e-05,9.43811e-06,1.55431e-15,7.70541e-05,4.44089e-16,1.69950e-05,4.90885e-05,2.75203e-05,4.23172e-06,4.57410e-05,5.44543e-05,2.77556e-16,9.88737e-07,5.18285e-04
1.60123e-03,1.45886e-05,1.24900e-16,3.27758e-05,4.24604e-04,1.13400e-06,1.86800e-05,1.04231e-05,2.66454e-15,6.68557e-05,5.55112e-16,1.73697e-05,4.87835e-05,2.77025e-05,7.98331e-06,4.96230e-05,6.15844e-05,8.32667e-17,2.71293e-07,6.79884e-04
2.32208e-03,2.19685e-05,9.71445e-17,3.12762e-05,3.55279e-04,1.38600e-06,2.27211e-05,1.18291e-05,3.10862e-15,6.29137e-05,6.66134e-16,1.80132e-05,4.37938e-05,3.09452e-05,7.57557e-06,5.11440e-05,6.20696e-05,1.38778e-16,1.99640e-06,8.50668e-04
3.31149e-03,1.81071e-05,9.71445e-17,3.43453e-05,3.03023e-04,1.37200e-06,1.18350e-05,1.32821e-05,2.22045e-15,6.78821e-05,5.55112e-17,1.88772e-05,4.71085e-05,2.58184e-05,5.56866e-06,4.24680e-05,5.39593e-05,2.49800e-16,5.59553e-07,1.03882e-03
4.65322e-03,1.31563e-05,1.11022e-16,3.62018e-05,2.59783e-04,1.26000e-06,1.88045e-05,1.36143e-05,1.99840e-15,7.23372e-05,5.55112e-16,1.96553e-05,4.48122e-05,2.57823e-05,6.59003e-06,4.01513e-05,4.67902e-05,2.22045e-16,5.09902e-07,1.22067e-03
6.44780e-03,1.36368e-05,1.80411e-16,3.33114e-05,2.14094e-04,1.56800e-06,2.30286e-05,1.43376e-05,1.33227e-15,8.22991e-05,3.88578e-16,2.03426e-05,4.67638e-05,3.19570e-05,6.59522e-06,3.89515e-05,5.26195e-05,3.33067e-16,6.53553e-06,1.39130e-03
8.79404e-03,1.62465e-05,1.11022e-16,3.37484e-05,1.76970e-04,1.51200e-06,2.37018e-05,1.47593e-05,0.00000e+00,7.78228e-05,7.21645e-16,2.09849e-05,4.68220e-05,2.65480e-05,9.74542e-06,3.90406e-05,6.21025e-05,1.66533e-16,2.50400e-06,1.55068e-03
1.18030e-02,1.43170e-05,9.71445e-17,4.40261e-05,1.44884e-04,2.00200e-06,2.31024e-05,1.52931e-05,2.66454e-15,8.03146e-05,1.66533e-16,2.19305e-05,4.97124e-05,3.28883e-05,1.68677e-05,3.83217e-05,6.18129e-05,2.77556e-16,6.02391e-06,1.69722e-03
1.55365e-02,1.59978e-05,2.77556e-17,4.09748e-05,1.24627e-04,4.25600e-06,2.60237e-05,1.56374e-05,1.11022e-15,8.29134e-05,3.88578e-16,2.32403e-05,5.27435e-05,2.81697e-05,1.67724e-05,4.01383e-05,6.01858e-05,1.38778e-16,1.05693e-05,1.82210e-03
2.00202e-02,1.56342e-05,1.94289e-16,4.68722e-05,1.05335e-04,2.12800e-06,2.56934e-05,2.53771e-05,2.44249e-15,7.73986e-05,1.66533e-16,2.47010e-05,5.09687e-05,3.06973e-05,1.78094e-05,3.73105e-05,6.26000e-05,1.66533e-16,1.59740e-05,1.93612e-03
2.51919e-02,1.62780e-05,9.71445e-17,4.61948e-05,8.36876e-05,1.20400e-06,2.94241e-05,2.38179e-05,4.43959e-07,7.07710e-05,2.77556e-16,2.62770e-05,5.63497e-05,2.82900e-05,1.46766e-05,4.01224e-05,5.78716e-05,3.33067e-16,2.18396e-05,2.03011e-03
3.08929e-02,2.07142e-05,6.93889e-17,5.33146e-05,6.76559e-05,7.42000e-07,2.80000e-05,2.98635e-05,4.43959e-07,9.35426e-05,4.99600e-16,2.74552e-05,5.26629e-05,3.32064e-05,1.61631e-05,4.10630e-05,4.47463e-05,1.66533e-16,2.59686e-05,2.10588e-03
3.68791e-02,1.94200e-05,8.32667e-17,4.33465e-05,6.35592e-05,1.96000e-06,3.07756e-05,2.68763e-05,8.87919e-07,8.36021e-05,3.33067e-16,2.82650e-05,4.58776e-05,3.12374e-05,2.02583e-05,5.01417e-05,4.58905e-05,1.66533e-16,1.81081e-05,2.17252e-03
4.28493e-02,2.01711e-05,9.71445e-17,4.73649e-05,5.42512e-05,1.26000e-07,2.72054e-05,3.51356e-05,1.77636e-15,7.70511e-05,2.77556e-16,2.93265e-05,4.52501e-05,2.92472e-05,3.28235e-05,4.69211e-05,4.54474e-05,1.38778e-16,1.64155e-05,2.21488e-03
4.84802e-02,2.61000e-05,1.94805e-06,4.51935e-05,5.00717e-05,1.61552e-06,2.93735e-05,2.91922e-05,5.77147e-06,7.43032e-05,1.66533e-16,3.11010e-05,4.57177e-05,3.26242e-05,5.01059e-05,4.16564e-05,5.60876e-05,2.37564e-06,2.16735e-05,2.24391e-03
5.34676e-02,3.49959e-05,2.24425e-06,4.36404e-05,4.10847e-05,1.57992e-06,3.00615e-05,3.70953e-05,1.02055e-05,7.38486e-05,0.00000e+00,3.31875e-05,4.76658e-05,3.39114e-05,6.86794e-05,4.44379e-05,5.80692e-05,7.68109e-06,2.74514e-05,2.25408e-03
5.75855e-02,3.91035e-05,1.68286e-06,4.50817e-05,3.74310e-05,3.46498e-06,3.35781e-05,3.01620e-05,1.95910e-05,7.37063e-05,4.44089e-16,3.52762e-05,4.58652e-05,3.67612e-05,9.10377e-05,4.27337e-05,5.61384e-05,7.00158e-06,2.37089e-05,2.25744e-03
6.06823e-02,4.00660e-05,6.06085e-06,4.83955e-05,3.60627e-05,7.73444e-06,3.13499e-05,2.13828e-05,1.77584e-06,6.96210e-05,6.10623e-16,1.21350e-04,4.87191e-05,4.07328e-05,1.12959e-04,4.49129e-05,5.72399e-05,3.29407e-06,2.75297e-05,2.23799e-03
6.27009e-02,3.42851e-05,1.90014e-04,5.24630e-05,3.21589e-04,7.10257e-06,3.08243e-05,2.39464e-05,1.04443e-04,6.85041e-05,2.77556e-16,1.35736e-04,5.60621e-05,4.22703e-05,1.39453e-04,4.01709e-05,5.04475e-05,2.59342e-04,4.06122e-05,2.20044e-03
6.36487e-02,1.54827e-04,5.85231e-04,5.03984e-05,7.99856e-04,1.27577e-05,3.39054e-05,2.40726e-05,2.44493e-04,2.75575e-04,2.22045e-16,3.14020e-04,5.41595e-05,4.38111e-05,1.64120e-04,4.18090e-05,5.08183e-05,3.18395e-04,3.46147e-05,2.14906e-03
6.36066e-02,1.43910e-04,1.22895e-03,4.79469e-05,1.23427e-03,1.09687e-05,3.81914e-05,2.21874e-05,6.30850e-04,9.99068e-04,1.66533e-16,4.44085e-04,6.14878e-05,4.76053e-05,1.83673e-04,4.58844e-05,5.13286e-05,4.03620e-04,3.70608e-05,2.08784e-03
6.26927e-02,7.54926e-05,2.01842e-03,5.52928e-05,1.87436e-03,1.54026e-05,4.03498e-05,2.37301e-05,1.41217e-03,1.99425e-03,6.10623e-16,6.51233e-04,6.89702e-05,3.38004e-04,2.01371e-04,5.07437e-05,5.44282e-05,5.50341e-04,3.54340e-05,2.01311e-03
6.10518e-02,8.06211e-05,2.68917e-03,4.62246e-05,2.61484e-03,1.52256e-05,4.21161e-05,2.08739e-05,2.15932e-03,3.72649e-03,1.66533e-16,9.44098e-04,8.61926e-05,5.41253e-04,2.18626e-04,4.95862e-05,5.29090e-05,7.64833e-04,3.73132e-05,1.92117e-03
5.88363e-02,1.49834e-04,3.17960e-03,4.48082e-05,3.56375e-03,1.42974e-05,3.58147e-05,1.77223e-05,2.89091e-03,6.05977e-03,2.77556e-16,1.35112e-03,1.11846e-04,6.89306e-04,2.37074e-04,4.87336e-05,5.53918e-05,1.05148e-03,2.90507e-05,1.82218e-03
5.61851e-02,2.88467e-04,3.50504e-03,4.17370e-05,4.66666e-03,1.54708e-05,2.85984e-05,1.66271e-05,3.68504e-03,8.46841e-03,3.33067e-16,1.91655e-03,1.59665e-04,8.60715e-04,2.54883e-04,4.71634e-05,4.55139e-05,1.34247e-03,2.78896e-05,1.71650e-03
5.32305e-02,4.95327e-04,3.72226e-03,3.82558e-05,5.79435e-03,1.81583e-05,3.60220e-05,1.65333e-05,4.44013e-03,1.08810e-02,3.33067e-16,2.70286e-03,2.27263e-04,1.06800e-03,2.75711e-04,4.74310e-05,4.86476e-05,1.62083e-03,3.63428e-05,1.60414e-03
5.00770e-02,6.96850e-04,3.87085e-03,3.70061e-05,6.83503e-03,1.46068e-05,3.53845e-05,1.68634e-05,5.16130e-03,1.33613e-02,6.10623e-16,3.78564e-03,3.39178e-04,1.28537e-03,3.00758e-04,4.60227e-05,5.57074e-05,1.89027e-03,4.09172e-05,1.48526e-03
4.68375e-02,8.74935e-04,3.97840e-03,4.23038e-05,7.68922e-03,1.73827e-05,4.02923e-05,1.96746e-05,5.77505e-03,1.59650e-02,1.66533e-16,5.19251e-03,4.72236e-04,1.50502e-03,3.26267e-04,4.98811e-05,5.43386e-05,2.12723e-03,4.13052e-05,1.36702e-03
4.35790e-02,1.03559e-03,4.01384e-03,4.34332e-05,8.54706e-03,1.80216e-05,3.34850e-05,1.97851e-05,6.63292e-03,1.87021e-02,1.66533e-16,6.91232e-03,6.21040e-04,1.70552e-03,3.58797e-04,4.90274e-05,8.05279e-05,2.32095e-03,3.41579e-05,1.25646e-03
4.03596e-02,1.13393e-03,3.98599e-03,4.36010e-05,9.29228e-03,1.95191e-05,3.47930e-05,2.38109e-05,7.74896e-03,2.15439e-02,6.10623e-16,8.93161e-03,7.56181e-04,1.89150e-03,3.87454e-04,4.82746e-05,3.08250e-04,2.66432e-03,3.81547e-05,1.15287e-03
3.72320e-02,1.18742e-03,3.90930e-03,4.97118e-05,1.00105e-02,2.22241e-05,3.45887e-05,2.68819e-05,9.13753e-03,2.44561e-02,2.77556e-16,1.12908e-02,8.92930e-04,2.07735e-03,4.13394e-04,4.99532e-05,4.51040e-04,2.80420e-03,3.49789e-05,1.04847e-03
3.42389e-02,1.19091e-03,3.77845e-03,5.60842e-05,1.08943e-02,2.36398e-05,3.84657e-05,2.69104e-05,1.07639e-02,2.74163e-02,5.55112e-16,1.38782e-02,1.00481e-03,2.27266e-03,4.32203e-04,6.02124e-05,5.24765e-04,2.90938e-03,4.04230e-05,9.56051e-04
3.13897e-02,1.15733e-03,3.61179e-03,5.26481e-05,1.19633e-02,2.19011e-05,3.11519e-05,2.73345e-05,1.25042e-02,3.03630e-02,5.55112e-17,1.66272e-02,1.10957e-03,2.48156e-03,4.47734e-04,6.30623e-05,5.41620e-04,3.00192e-03,4.12054e-05,8.73224e-04
2.87111e-02,1.08689e-03,3.41973e-03,5.73271e-05,1.34027e-02,2.12455e-05,3.16534e-05,2.83347e-05,1.43895e-02,3.33274e-02,0.00000e+00,1.95759e-02,1.20023e-03,2.70150e-03,4.58250e-04,5.75416e-05,5.34226e-04,3.07318e-03,3.93035e-05,7.86873e-04
2.62025e-02,1.00562e-03,3.19444e-03,5.89389e-05,1.52763e-02,2.01570e-05,3.21124e-05,2.91780e-05,1.63694e-02,3.62550e-02,2.77556e-16,2.26972e-02,1.28475e-03,2.90906e-03,4.64357e-04,5.76755e-05,5.41765e-04,3.10356e-03,3.33688e-05,7.20703e-04
2.38834e-02,9.01090e-04,2.95315e-03,6.51308e-05,1.74469e-02,2.27875e-05,3.41314e-05,2.86166e-05,1.85234e-02,3.91615e-02,2.22045e-16,2.59620e-02,1.34072e-03,3.09939e-03,4.59946e-04,5.94856e-05,5.72812e-04,3.09227e-03,4.55093e-05,6.65024e-04
2.17506e-02,8.00043e-04,2.71723e-03,6.11989e-05,1.96041e-02,2.23213e-05,4.12645e-05,2.82345e-05,2.09044e-02,4.20314e-02,3.33067e-16,2.93844e-02,1.40595e-03,3.27639e-03,4.42469e-04,6.63290e-05,6.05491e-04,3.06608e-03,4.23519e-05,6.18117e-04
1.98130e-02,7.25128e-04,2.50822e-03,6.02057e-05,2.14180e-02,2.56897e-05,4.05972e-05,3.81083e-05,2.35409e-02,4.47941e-02,2.22045e-16,3.29666e-02,1.45658e-03,3.42831e-03,4.23079e-04,7.64866e-05,6.48377e-04,3.00240e-03,4.37158e-05,5.79579e-04
1.80618e-02,6.64693e-04,2.30388e-03,6.58612e-05,2.26657e-02,2.43014e-05,3.78160e-05,5.15201e-05,2.63970e-02,4.75047e-02,6.10623e-16,3.66761e-02,1.49172e-03,3.56289e-03,3.98148e-04,8.32274e-05,6.84128e-04,2.94767e-03,4.13367e-05,5.44648e-04
1.64958e-02,6.14053e-04,2.11425e-03,7.23089e-05,2.33152e-02,2.80085e-05,4.20530e-05,7.88676e-05,2.93976e-02,5.00708e-02,4.99600e-16,4.04827e-02,1.51838e-03,3.68288e-03,3.69057e-04,9.37030e-05,7.37451e-04,2.90398e-03,4.09826e-05,5.10510e-04
1.51081e-02,5.45643e-04,1.96181e-03,7.46069e-05,2.34715e-02,2.62165e-05,4.19439e-05,1.15605e-04,3.24060e-02,5.26172e-02,3.33067e-16,4.44087e-02,1.54463e-03,3.77304e-03,3.39597e-04,1.05964e-04,8.03977e-04,2.86874e-03,4.43849e-05,4.79341e-04
1.38878e-02,5.17856e-04,1.82512e-03,7.84538e-05,2.32929e-02,2.69459e-05,3.58331e-05,1.25261e-04,3.52789e-02,5.50106e-02,3.88578e-16,4.84110e-02,1.55856e-03,3.83384e-03,3.08760e-04,1.20315e-04,8.97448e-04,2.85166e-03,4.16724e-05,4.54150e-04
1.28234e-02,4.84058e-04,1.70792e-03,9.10952e-05,2.29741e-02,2.75507e-05,3.86281e-05,1.01245e-04,3.79184e-02,5.73435e-02,5.55112e-16,5.23988e-02,1.56144e-03,3.87018e-03,2.77690e-04,1.39901e-04,1.01111e-03,2.85947e-03,3.69355e-05,4.21411e-04
1.19119e-02,4.55421e-04,1.61772e-03,7.08615e-05,2.25527e-02,2.83868e-05,3.51107e-05,7.83790e-05,4.02522e-02,5.95126e-02,6.10623e-16,5.63252e-02,1.56183e-03,3.87714e-03,2.49093e-04,1.53902e-04,1.14085e-03,2.88383e-03,3.79983e-05,3.99128e-04
1.11334e-02,4.21046e-04,1.53329e-03,5.84287e-05,2.20401e-02,2.85267e-05,3.45135e-05,3.72176e-04,4.22522e-02,6.16541e-02,3.88578e-16,6.01919e-02,1.54428e-03,3.85589e-03,2.25641e-04,1.72642e-04,1.30912e-03,2.91423e-03,3.62478e-05,3.77114e-04
1.04823e-02,3.96536e-04,1.45556e-03,6.68324e-05,2.14331e-02,2.94714e-05,3.77812e-05,9.01638e-04,4.38957e-02,6.36120e-02,4.99600e-16,6.39854e-02,1.52288e-03,3.80537e-03,1.99289e-04,1.96488e-04,1.46973e-03,2.96492e-03,3.96854e-05,3.64139e-04
9.93784e-03,3.72216e-04,1.37866e-03,7.33448e-05,2.07113e-02,2.47027e-05,3.83429e-05,1.64935e-03,4.52278e-02,6.54687e-02,7.21645e-16,6.76851e-02,1.51291e-03,3.73706e-03,1.72674e-04,2.24774e-04,1.64071e-03,3.03935e-03,3.93344e-05,3.46305e-04
9.49010e-03,3.35387e-04,1.30972e-03,1.00749e-04,1.98776e-02,2.38938e-05,4.04849e-05,2.62430e-03,4.62366e-02,6.72019e-02,3.88578e-16,7.12662e-02,1.48935e-03,3.64573e-03,1.53441e-04,2.38618e-04,1.83894e-03,3.12505e-03,3.57771e-05,3.29321e-04
9.11123e-03,3.00728e-04,1.24774e-03,7.81460e-05,1.89212e-02,2.58607e-05,3.84664e-05,3.73369e-03,4.69824e-02,6.87471e-02,4.44089e-16,7.47238e-02,1.46818e-03,3.54412e-03,1.38936e-04,2.59082e-04,2.02280e-03,3.25436e-03,4.16866e-05,3.07702e-04
8.80796e-03,2.76350e-04,1.17831e-03,9.50296e-05,1.78332e-02,2.73050e-05,3.54962e-05,4.86403e-03,4.74691e-02,7.01685e-02,3.33067e-16,7.80402e-02,1.44474e-03,3.42752e-03,1.22114e-04,2.70517e-04,2.21194e-03,3.40746e-03,5.07554e-05,2.89528e-04
8.54341e-03,2.32145e-04,1.10194e-03,9.10408e-05,1.66651e-02,2.91437e-05,3.82989e-05,5.90513e-03,4.77262e-02,7.14392e-02,4.99600e-16,8.12112e-02,1.42408e-03,3.31570e-03,1.06608e-04,2.88909e-04,2.39698e-03,3.59371e-03,6.59683e-05,2.84147e-04
8.32044e-03,2.21717e-04,1.02876e-03,1.01821e-04,1.54500e-02,3.08535e-05,3.85564e-05,6.76025e-03,4.78308e-02,7.25192e-02,1.11022e-16,8.42341e-02,1.39526e-03,3.18073e-03,9.51114e-05,2.84102e-04,2.56560e-03,3.81431e-03,9.81650e-05,2.64531e-04
8.12041e-03,2.00720e-04,9.67894e-04,1.26468e-04,1.42148e-02,2.80199e-05,4.89175e-05,7.31080e-03,4.77495e-02,7.34692e-02,3.33067e-16,8.70883e-02,1.38548e-03,3.05468e-03,8.36414e-05,3.06446e-04,2.73352e-03,4.05477e-03,1.51849e-04,2.64327e-04
7.93317e-03,1.81544e-04,9.16449e-04,1.00711e-04,1.30049e-02,2.80640e-05,4.16233e-05,7.50835e-03,4.75455e-02,7.42961e-02,0.00000e+00,8.97722e-02,1.38099e-03,2.92706e-03,7.60012e-05,3.10622e-04,2.88831e-03,4.32165e-03,2.49238e-04,2.54728e-04
7.75009e-03,1.65878e-04,8.69533e-04,7.99516e-05,1.18372e-02,3.06984e-05,4.28666e-05,7.38858e-03,4.72300e-02,7.49998e-02,4.99600e-16,9.22864e-02,1.36326e-03,2.80417e-03,7.17948e-05,3.15631e-04,3.01925e-03,4.59481e-03,3.78506e-04,2.54558e-04
7.56557e-03,1.60535e-04,8.09692e-04,8.61121e-05,1.07261e-02,2.65135e-05,4.19747e-05,6.95878e-03,4.68486e-02,7.55802e-02,1.66533e-16,9.46303e-02,1.35411e-03,2.69619e-03,6.52120e-05,3.14654e-04,3.09807e-03,4.86460e-03,5.49685e-04,2.37863e-04
7.38235e-03,1.55184e-04,7.49282e-04,9.28457e-05,9.69901e-03,2.70949e-05,4.38970e-05,6.30981e-03,4.63665e-02,7.61088e-02,3.88578e-16,9.67990e-02,1.35261e-03,2.59408e-03,5.96644e-05,3.13749e-04,3.17635e-03,5.12658e-03,7.99629e-04,2.48156e-04
7.19037e-03,1.43466e-04,6.97119e-04,9.64419e-05,8.75825e-03,2.42671e-05,4.24783e-05,5.50419e-03,4.58498e-02,7.65854e-02,6.10623e-16,9.88120e-02,1.34733e-03,2.50658e-03,6.12589e-05,3.07831e-04,3.21658e-03,5.38009e-03,1.09367e-03,2.31769e-04
6.99340e-03,1.48564e-04,6.44888e-04,9.81535e-05,7.89148e-03,2.76354e-05,4.34422e-05,4.64916e-03,4.53130e-02,7.69708e-02,3.33067e-16,1.00676e-01,1.34589e-03,2.42844e-03,5.92533e-05,2.94542e-04,3.24550e-03,5.60973e-03,1.46355e-03,2.28459e-04
6.79952e-03,1.46808e-04,5.93298e-04,1.15936e-04,7.10173e-03,2.57898e-05,4.83869e-05,3.80088e-03,4.47726e-02,7.73331e-02,2.77556e-16,1.02351e-01,1.34796e-03,2.38382e-03,5.78985e-05,2.91490e-04,3.25703e-03,5.80661e-03,1.87675e-03,2.21414e-04
6.59735e-03,1.48562e-04,5.48596e-04,1.25863e-04,6.39876e-03,2.64209e-05,4.88073e-05,3.02117e-03,4.42394e-02,7.76138e-02,4.99600e-16,1.03848e-01,1.34517e-03,2.35743e-03,5.95346e-05,2.89166e-04,3.28464e-03,5.97038e-03,2.31947e-03,2.09574e-04
6.38782e-03,1.49509e-04,5.15626e-04,2.14697e-04,5.77164e-03,2.60348e-05,5.09815e-05,2.33376e-03,4.37317e-02,7.78586e-02,6.10623e-16,1.05213e-01,1.34535e-03,2.34534e-03,5.58802e-05,2.70931e-04,3.31662e-03,6.09625e-03,2.80798e-03,2.07316e-04
6.18705e-03,1.53874e-04,4.79272e-04,3.57731e-04,5.21062e-03,2.56145e-05,5.30225e-05,1.76247e-03,4.32650e-02,7.80422e-02,3.88578e-16,1.06450e-01,1.34189e-03,2.35924e-03,5.24340e-05,2.64407e-04,3.35189e-03,6.18253e-03,3.32647e-03,2.00064e-04
5.99740e-03,1.51289e-04,4.40095e-04,6.25089e-04,4.70977e-03,2.82652e-05,5.77032e-05,1.30680e-03,4.28388e-02,7.81676e-02,2.22045e-16,1.07583e-01,1.36472e-03,2.39369e-03,5.21449e-05,2.68851e-04,3.44850e-03,6.21749e-03,3.87822e-03,1.90719e-04
5.80934e-03,1.51256e-04,4.11974e-04,1.00015e-03,4.26498e-03,2.78958e-05,7.45346e-05,9.45213e-04,4.24429e-02,7.82541e-02,1.40000e-08,1.08606e-01,1.38302e-03,2.44939e-03,5.10587e-05,2.71690e-04,3.59458e-03,6.20842e-03,4.39557e-03,1.91632e-04
5.62667e-03,1.58612e-04,3.87774e-04,1.49202e-03,3.87087e-03,2.43487e-05,8.63103e-05,6.74413e-04,4.20901e-02,7.82845e-02,9.94987e-09,1.09518e-01,1.39697e-03,2.52047e-03,5.02449e-05,2.75184e-04,3.81653e-03,6.14733e-03,4.89554e-03,1.92113e-04
5.45113e-03,1.54729e-04,3.70005e-04,2.09293e-03,3.51165e-03,2.59649e-05,9.64914e-05,4.78665e-04,4.17684e-02,7.82820e-02,5.97578e-08,1.10331e-01,1.42786e-03,2.61099e-03,5.05697e-05,2.94229e-04,4.09657e-03,6.05270e-03,5.35798e-03,1.95604e-04
5.28784e-03,1.67667e-04,3.97682e-04,2.77142e-03,3.71949e-03,2.65480e-05,1.11589e-04,3.38899e-04,4.14467e-02,7.81902e-02,1.25614e-07,1.11061e-01,1.47294e-03,2.71014e-03,5.22381e-05,3.20437e-04,4.46590e-03,5.89440e-03,5.76965e-03,1.97946e-04
5.13213e-03,1.60633e-04,6.99883e-03,3.50025e-03,3.99146e-02,2.57854e-05,1.25223e-04,2.25638e-04,4.11363e-02,7.80360e-02,2.24499e-07,1.11702e-01,1.52559e-03,2.82833e-03,4.85884e-05,3.51379e-04,4.94794e-03,5.71080e-03,6.11217e-03,1.94956e-04
4.98928e-03,1.51480e-04,8.42999e-02,4.22144e-03,8.62388e-01,2.87228e-05,1.44120e-04,1.58184e-04,4.08338e-02,7.85288e-02,2.04634e-07,1.12263e-01,1.58474e-03,2.95851e-03,5.08443e-05,3.92863e-04,5.54564e-03,5.48158e-03,6.38757e-03,1.89309e-04
4.86083e-03,2.50416e-03,4.22092e-01,4.84918e-03,7.94802e+00,3.91251e-03,3.24735e-03,1.12542e-03,4.05048e-02,8.00639e-02,2.40314e-04,1.13495e-01,1.64610e-03,3.09956e-03,2.39055e-03,4.54427e-04,6.28646e-03,5.23727e-03,6.57984e-03,1.94110e-04
4.73972e-03,1.56439e-02,9.23975e-01,9.47438e-03,1.73151e+01,3.57061e-02,8.40873e-02,1.36502e-02,4.14886e-02,8.58511e-02,2.82817e-03,1.15267e-01,1.71938e-03,3.31175e-03,6.56064e-03,5.26907e-04,7.77016e-03,4.99733e-03,1.52137e-02,1.97668e-04
6.48314e-03,3.43314e-02,1.65563e+00,3.46028e-02,2.61241e+01,9.34776e-02,7.31122e-01,3.51722e-02,4.51611e-02,9.62003e-02,7.86667e-03,1.17386e-01,2.05296e-03,5.38005e-03,9.13331e-03,2.35895e-03,1.13677e-02,6.49575e-03,2.86114e-02,2.97900e-03
9.03968e-03,3.07077e-02,2.87232e+00,8.33382e-02,4.34108e+01,2.05055e-01,1.19801e+00,4.58084e-02,4.86116e-02,1.13589e-01,1.45243e-02,1.20411e-01,4.83861e-03,8.76372e-03,1.16458e-02,6.59607e-03,1.55119e-02,7.10448e-03,4.67162e-02,1.11468e-02
1.12584e-02,2.83843e-02,3.95624e+00,1.13057e-01,6.94461e+01,3.19786e-01,1.38759e+00,5.06500e-02,5.18925e-02,1.37130e-01,1.91653e-02,1.24101e-01,8.37059e-03,1.22746e-02,1.54117e-02,1.48059e-02,1.97033e-02,8.05065e-03,6.10352e-02,2.41810e-02
1.24282e-02,3.20993e-02,4.28300e+00,1.14629e-01,8.06185e+01,4.05762e-01,1.56975e+00,5.27594e-02,5.52673e-02,1.64553e-01,2.16059e-02,1.28347e-01,1.22429e-02,1.60765e-02,1.99950e-02,3.08304e-02,2.32926e-02,1.06151e-02,7.20710e-02,5.63856e-02
1.34883e-02,3.94895e-02,3.95214e+00,1.12486e-01,7.38993e+01,6.45467e-01,1.75598e+00,5.21029e-02,5.83362e-02,1.92875e-01,2.29919e-02,1.33405e-01,1.83024e-02,2.02141e-02,2.44917e-02,6.01341e-02,2.63611e-02,1.69767e-02,8.18211e-02,1.04179e-01
1.54916e-02,4.83524e-02,3.27835e+00,1.21522e-01,5.92667e+01,1.27124e+00,1.90505e+00,5.00281e-02,6.08613e-02,2.18595e-01,2.41515e-02,1.39789e-01,2.46977e-02,2.44616e-02,2.85132e-02,1.10540e-01,2.92652e-02,2.94518e-01,9.10868e-02,1.44352e-01
1.88005e-02,6.36218e-02,2.55200e+00,1.46957e-01,4.42685e+01,1.89938e+00,1.94088e+00,4.77051e-02,6.30288e-02,2.39371e-01,2.55337e-02,1.49043e-01,2.87033e-02,2.86257e-02,3.24249e-02,1.84907e-01,3.21480e-02,9.52932e+00,1.00025e-01,1.65044e-01
2.32872e-02,7.88355e-02,1.93048e+00,1.92894e-01,3.20653e+01,2.26192e+00,1.88337e+00,4.56468e-02,6.52129e-02,2.55072e-01,2.88323e-02,1.59827e-01,3.01646e-02,3.25967e-02,3.90693e-02,2.58108e-01,3.50836e-02,2.09577e+01,1.08626e-01,1.71169e-01
2.85995e-02,9.01821e-02,1.45311e+00,2.72192e-01,2.30816e+01,2.60158e+00,1.79729e+00,4.56537e-02,6.79700e-02,2.67740e-01,4.20080e-02,1.73314e-01,3.05844e-02,3.67673e-02,4.58154e-02,3.02711e-01,3.81663e-02,2.40085e+01,1.16619e-01,1.72554e-01
3.44441e-02,3.14669e-01,1.10420e+00,4.49494e-01,1.67378e+01,3.02981e+00,1.79568e+00,5.47954e-02,7.17429e-02,2.84603e-01,8.44914e-02,1.92251e-01,3.14405e-02,4.15752e-02,5.30450e-02,3.19780e-01,4.13897e-02,2.26010e+01,1.42647e-01,1.74645e-01
4.05923e-02,5.80538e-01,8.57977e-01,9.55818e-01,1.23290e+01,3.88127e+00,2.16081e+00,8.03979e-02,7.73269e-02,3.09823e-01,2.50706e-01,2.14739e-01,3.34895e-02,4.74974e-02,7.61520e-02,3.32865e-01,4.49877e-02,1.93735e+01,2.14082e-01,1.79629e-01
4.86834e-02,1.77502e+00,6.82415e-01,2.10228e+00,9.29682e+00,5.83429e+00,2.90166e+00,1.53718e-01,8.58352e-02,3.65717e-01,1.08579e+00,2.44631e-01,3.69333e-02,5.49387e-02,1.59555e-01,3.72087e-01,4.90185e-02,1.61631e+01,3.91018e-01,1.87883e-01
5.75498e-02,3.80140e+00,5.57012e-01,3.75728e+00,7.18644e+00,9.62174e+00,4.31431e+00,4.66848e-01,9.80309e-02,4.64179e-01,3.43226e+00,2.74127e-01,4.20271e-02,6.40307e-02,2.73750e-01,4.69172e-01,5.39240e-02,1.33922e+01,1.41175e+00,1.98021e-01
6.73358e-02,8.74811e+00,5.08851e-01,5.37162e+00,5.90101e+00,1.54136e+01,6.93403e+00,9.51975e-01,1.14460e-01,6.39330e-01,6.07341e+00,3.09324e-01,4.91907e-02,7.52316e-02,3.53914e-01,6.54033e-01,5.90551e-02,1.09400e+01,7.93558e+00,2.11050e-01
7.71040e-02,1.76855e+01,5.17094e-01,6.36507e+00,5.45507e+00,2.00418e+01,1.02245e+01,1.17040e+00,1.33190e-01,8.88705e-01,7.59492e+00,3.50343e-01,5.73288e-02,8.65021e-02,4.60493e-01,9.54510e-01,6.42003e-02,8.85381e+00,1.96080e+01,2.25900e-01
8.67166e-02,2.63627e+01,5.35172e-01,7.51264e+00,5.20608e+00,2.20436e+01,1.29434e+01,1.23815e+00,1.52952e-01,1.15576e+00,8.52449e+00,3.99282e-01,6.64049e-02,9.85811e-02,5.67544e-01,1.40883e+00,6.90900e-02,7.16214e+00,2.96147e+01,2.43177e-01
9.81680e-02,3.15170e+01,5.20432e-01,9.75519e+00,5.11161e+00,2.12608e+01,1.40748e+01,1.23181e+00,1.71890e-01,1.38610e+00,9.55759e+00,4.61202e-01,7.65230e-02,1.12131e-01,6.61735e-01,2.01556e+00,7.36602e-02,5.80768e+00,3.32488e+01,2.62253e-01
1.12567e-01,3.44605e+01,4.84801e-01,1.34629e+01,5.03651e+00,1.82443e+01,1.40417e+01,1.22415e+00,1.88067e-01,1.56041e+00,1.04174e+01,5.44399e-01,8.64285e-02,1.27553e-01,7.99707e-01,2.59184e+00,7.78541e-02,4.73424e+00,3.08279e+01,2.81799e-01
1.29642e-01,3.77084e+01,4.47137e-01,1.82951e+01,4.83474e+00,1.45529e+01,1.30227e+01,1.27791e+00,2.00602e-01,1.68650e+00,1.10749e+01,6.58364e-01,9.48036e-02,1.46099e-01,1.07775e+00,2.94637e+00,8.14628e-02,3.88842e+00,2.67342e+01,3.00801e-01
1.48214e-01,4.30162e+01,4.13059e-01,2.34058e+01,4.45559e+00,1.12878e+01,1.13923e+01,1.61454e+00,2.09496e-01,1.78177e+00,1.17754e+01,8.10083e-01,1.01654e-01,1.69906e-01,1.72953e+00,3.02967e+00,8.44719e-02,3.22269e+00,2.35137e+01,3.19009e-01
1.66562e-01,5.18262e+01,3.79237e-01,2.84202e+01,3.97519e+00,8.78371e+00,9.77919e+00,3.47061e+00,2.15377e-01,1.86441e+00,1.25034e+01,9.98667e-01,1.07757e-01,2.00819e-01,3.88110e+00,2.95039e+00,8.70277e-02,2.70008e+00,2.16084e+01,3.36395e-01
1.83137e-01,6.25168e+01,3.42280e-01,3.35433e+01,3.47870e+00,7.02210e+00,8.61192e+00,8.34613e+00,2.19588e-01,1.94992e+00,1.29486e+01,1.21454e+00,1.13864e-01,2.38730e-01,9.41356e+00,2.86218e+00,8.92301e-02,2.29007e+00,2.03881e+01,3.52715e-01
1.97152e-01,7.02300e+01,3.02779e-01,3.86707e+01,3.01242e+00,5.95975e+00,8.04796e+00,1.48221e+01,2.32384e-01,2.04729e+00,1.29361e+01,1.44261e+00,1.20481e-01,2.80108e-01,1.66484e+01,2.84966e+00,9.11859e-02,1.96890e+00,1.90689e+01,3.67661e-01
2.08496e-01,7.23533e+01,2.63493e-01,4.35598e+01,2.59669e+00,5.72856e+00,8.06448e+00,2.08613e+01,4.40908e-01,2.15757e+00,1.26017e+01,1.66783e+00,1.27831e-01,3.19224e-01,2.25356e+01,2.92025e+00,9.29934e-02,1.72089e+00,1.73349e+01,3.80919e-01
2.17510e-01,6.98344e+01,2.26968e-01,4.83905e+01,2.23648e+00,6.57529e+00,8.67627e+00,2.60728e+01,2.22121e+00,2.27683e+00,1.21874e+01,1.87860e+00,1.36046e-01,3.50720e-01,2.65291e+01,3.02975e+00,9.47162e-02,1.53756e+00,1.53084e+01,3.92656e-01
2.24543e-01,6.49247e+01,1.94689e-01,5.34501e+01,1.92813e+00,8.29811e+00,1.03237e+01,3.13924e+01,6.48967e+00,2.40051e+00,1.18164e+01,2.06878e+00,1.45169e-01,3.71689e-01,2.91997e+01,3.11712e+00,9.64009e-02,1.41669e+00,1.32390e+01,4.03154e-01
2.29832e-01,5.95795e+01,1.67064e-01,5.92444e+01,1.66385e+00,1.03229e+01,1.39631e+01,3.80865e+01,1.05430e+01,2.52840e+00,1.14329e+01,2.23756e+00,1.55115e-01,3.81952e-01,3.11741e+01,3.14070e+00,9.80618e-02,1.36030e+00,1.13135e+01,4.12918e-01
2.33462e-01,5.49814e+01,1.43897e-01,6.69549e+01,1.43593e+00,1.24491e+01,1.99317e+01,4.58321e+01,1.25900e+01,2.66668e+00,1.09175e+01,2.38871e+00,1.65737e-01,3.83151e-01,3.26157e+01,3.09147e+00,9.97584e-02,1.36917e+00,9.62219e+00,4.22650e-01
2.35403e-01,5.16497e+01,1.24679e-01,7.77417e+01,1.23855e+00,1.46315e+01,2.67346e+01,5.24846e+01,1.32688e+01,2.82543e+00,1.02218e+01,2.52989e+00,1.76823e-01,3.77784e-01,3.31886e+01,2.98294e+00,1.01601e-01,1.43018e+00,8.18580e+00,4.33085e-01
2.35647e-01,4.97566e+01,1.08859e-01,9.11639e+01,1.06771e+00,1.64694e+01,3.24148e+01,5.68003e+01,1.33265e+01,3.01505e+00,9.38562e+00,2.67451e+00,1.88151e-01,3.68426e-01,3.26289e+01,2.83614e+00,1.03772e-01,1.50755e+00,6.98701e+00,4.44775e-01
2.34321e-01,4.95280e+01,9.58773e-02,1.05047e+02,9.20566e-01,1.75136e+01,3.61704e+01,5.93794e+01,1.29620e+01,3.24088e+00,8.48473e+00,2.84279e+00,1.99860e-01,3.57486e-01,3.10787e+01,2.67295e+00,1.06484e-01,1.55711e+00,5.99381e+00,4.58287e-01
2.32270e-01,5.15140e+01,8.52378e-02,1.17694e+02,7.94574e-01,1.77210e+01,3.81616e+01,6.15820e+01,1.22696e+01,3.50157e+00,7.58930e+00,3.06771e+00,2.11892e-01,3.47004e-01,2.88985e+01,2.52937e+00,1.09826e-01,1.55218e+00,5.17172e+00,4.73905e-01
2.30226e-01,5.62624e+01,7.64963e-02,1.29470e+02,6.87344e-01,1.73511e+01,3.88273e+01,6.42976e+01,1.13661e+01,3.78883e+00,6.74851e+00,3.41419e+00,2.24188e-01,3.38635e-01,2.64242e+01,2.51770e+00,1.13777e-01,1.49176e+00,4.48913e+00,4.91425e-01
2.27799e-01,6.32177e+01,6.93146e-02,1.41507e+02,5.96465e-01,1.66734e+01,3.85593e+01,6.71379e+01,1.03810e+01,4.08883e+00,5.99224e+00,4.03202e+00,2.37168e-01,3.33650e-01,2.38847e+01,2.93739e+00,1.18168e-01,1.39055e+00,3.92041e+00,5.10578e-01
2.25453e-01,7.03119e+01,6.33620e-02,1.54226e+02,5.19693e-01,1.58511e+01,3.76500e+01,6.89640e+01,9.41717e+00,4.38459e+00,5.33558e+00,5.27099e+00,2.50631e-01,3.32781e-01,2.14194e+01,4.02933e+00,1.22627e-01,1.26712e+00,3.44441e+00,5.30438e-01
2.24552e-01,7.54548e+01,5.84210e-02,1.66592e+02,4.54896e-01,1.49674e+01,3.63231e+01,6.91274e+01,8.54054e+00,4.65982e+00,4.78404e+00,7.80966e+00,2.63876e-01,3.36117e-01,1.91077e+01,5.35251e+00,1.26794e-01,1.13686e+00,3.04434e+00,5.50077e-01
2.26078e-01,7.78879e+01,5.42812e-02,1.76417e+02,4.00206e-01,1.40686e+01,3.47864e+01,6.77494e+01,7.79784e+00,4.90332e+00,4.33726e+00,1.25263e+01,2.77059e-01,3.42949e-01,1.69897e+01,6.27794e+00,1.30351e-01,1.00996e+00,2.70697e+00,5.68383e-01
2.29811e-01,7.79963e+01,5.08025e-02,1.82378e+02,3.53998e-01,1.31817e+01,3.33215e+01,6.52662e+01,7.19905e+00,5.10993e+00,3.99043e+00,1.99159e+01,2.90629e-01,3.51946e-01,1.50796e+01,6.65245e+00,1.33112e-01,8.92070e-01,2.42159e+00,5.84519e-01
2.34445e-01,7.65124e+01,4.78572e-02,1.84882e+02,3.14827e-01,1.23204e+01,3.24239e+01,6.21034e+01,6.72060e+00,5.27872e+00,3.73425e+00,2.95327e+01,3.04951e-01,3.61413e-01,1.33754e+01,6.64222e+00,1.35071e-01,7.85622e-01,2.17946e+00,5.97756e-01
2.38425e-01,7.40798e+01,4.53385e-02,1.85118e+02,2.81527e-01,1.14902e+01,3.28617e+01,5.85925e+01,6.32993e+00,5.40940e+00,3.55431e+00,4.00958e+01,3.20254e-01,3.69696e-01,1.18659e+01,6.43180e+00,1.36381e-01,6.91146e-01,1.97346e+00,6.07705e-01
2.40889e-01,7.12134e+01,4.31789e-02,1.84012e+02,2.53118e-01,1.06923e+01,3.51259e+01,5.49738e+01,5.99538e+00,5.50516e+00,3.43136e+00,5.01396e+01,3.36561e-01,3.75509e-01,1.05350e+01,6.12143e+00,1.37289e-01,6.08201e-01,1.79773e+00,6.14352e-01
2.41872e-01,6.83856e+01,4.13075e-02,1.81912e+02,2.28795e-01,9.92730e+00,3.84641e+01,5.14136e+01,5.69279e+00,5.68097e+00,3.34399e+00,5.85925e+01,3.53814e-01,3.78091e-01,9.36509e+00,5.75437e+00,1.38110e-01,5.35859e-01,1.64742e+00,6.17786e-01
2.42104e-01,6.61739e+01,3.96815e-02,1.78837e+02,2.07864e-01,9.19610e+00,4.13904e+01,4.80254e+01,5.40901e+00,7.95462e+00,3.27284e+00,6.49669e+01,3.71747e-01,3.77241e-01,8.33807e+00,5.35614e+00,1.39107e-01,4.72977e-01,1.51833e+00,6.18445e-01
2.42562e-01,6.55520e+01,3.82566e-02,1.74836e+02,1.89847e-01,8.50123e+00,4.30793e+01,4.49009e+01,5.13908e+00,2.31630e+01,3.20388e+00,6.92457e+01,3.89901e-01,3.73057e-01,7.43709e+00,4.94703e+00,1.40540e-01,4.18481e-01,1.40719e+00,6.16699e-01
2.44133e-01,6.83185e+01,3.70080e-02,1.70238e+02,1.74206e-01,7.84494e+00,4.35340e+01,4.21258e+01,4.88213e+00,5.29668e+01,3.12923e+00,7.16842e+01,4.07719e-01,3.65963e-01,6.64654e+00,4.54350e+00,1.42578e-01,3.71269e-01,1.31114e+00,6.13011e-01
2.47093e-01,7.68533e+01,3.59218e-02,1.65602e+02,1.60584e-01,7.22880e+00,4.30609e+01,3.98071e+01,4.63895e+00,8.31470e+01,3.04596e+00,7.26518e+01,4.24484e-01,3.56476e-01,5.95202e+00,4.15674e+00,1.45377e-01,3.30366e-01,1.22782e+00,6.07755e-01
2.50915e-01,9.14289e+01,3.49822e-02,1.61452e+02,1.48681e-01,6.65362e+00,4.19507e+01,3.80753e+01,4.41075e+00,1.02213e+02,2.95411e+00,7.25512e+01,4.39586e-01,3.45130e-01,5.34122e+00,3.79462e+00,1.48984e-01,2.94909e-01,1.15524e+00,6.01270e-01
2.54357e-01,1.07960e+02,3.41494e-02,1.57893e+02,1.38237e-01,6.11890e+00,4.04101e+01,3.70597e+01,4.19838e+00,1.09979e+02,2.85503e+00,7.17881e+01,4.52519e-01,3.32424e-01,4.80304e+00,3.46152e+00,1.53367e-01,2.64138e-01,1.09166e+00,5.93776e-01
2.55969e-01,1.21460e+02,3.34292e-02,1.54495e+02,1.29053e-01,5.62337e+00,3.85825e+01,3.68074e+01,4.00190e+00,1.10946e+02,2.75035e+00,7.07659e+01,4.62955e-01,3.18824e-01,4.32793e+00,3.15912e+00,1.58366e-01,2.37388e-01,1.03575e+00,5.85498e-01
2.54739e-01,1.29919e+02,3.28027e-02,1.50676e+02,1.20930e-01,5.16534e+00,3.65858e+01,3.71924e+01,3.82044e+00,1.08710e+02,2.64162e+00,6.98753e+01,4.70697e-01,3.04711e-01,3.90783e+00,2.88705e+00,1.63746e-01,2.14091e-01,9.86346e-01,5.76458e-01
2.50328e-01,1.33960e+02,3.22506e-02,1.46137e+02,1.13724e-01,4.74295e+00,3.45183e+01,3.79123e+01,3.65237e+00,1.06058e+02,2.53005e+00,6.94749e+01,4.75657e-01,2.90377e-01,3.53560e+00,2.64434e+00,1.69223e-01,1.93765e-01,9.42423e-01,5.66838e-01
2.43057e-01,1.34927e+02,3.17748e-02,1.40934e+02,1.07325e-01,4.35441e+00,3.24500e+01,3.86150e+01,3.49541e+00,1.03921e+02,2.41676e+00,6.98724e+01,4.77983e-01,2.76070e-01,3.20532e+00,2.42919e+00,1.74451e-01,1.76004e-01,9.03139e-01,5.56676e-01
2.33598e-01,1.33844e+02,3.13511e-02,1.35312e+02,1.01618e-01,3.99760e+00,3.04259e+01,3.90483e+01,3.34690e+00,1.01299e+02,2.30278e+00,7.13801e+01,4.77848e-01,2.61970e-01,2.91163e+00,2.23894e+00,1.79198e-01,1.60452e-01,8.67698e-01,5.46052e-01
2.22689e-01,1.31365e+02,3.09833e-02,1.29538e+02,9.65284e-02,3.67073e+00,2.84749e+01,3.91104e+01,3.20445e+00,9.77147e+01,2.18906e+00,7.44956e+01,4.75564e-01,2.48192e-01,2.65024e+00,2.07131e+00,1.83263e-01,1.46815e-01,8.35482e-01,5.35028e-01
2.11050e-01,1.28028e+02,3.06725e-02,1.23840e+02,9.19755e-02,3.37179e+00,2.66146e+01,3.88147e+01,3.06592e+00,9.40038e+01,2.07656e+00,8.00391e+01,4.71465e-01,2.34821e-01,2.41721e+00,1.92375e+00,1.86626e-01,1.34836e-01,8.05930e-01,5.23596e-01
1.99200e-01,1.24333e+02,3.03985e-02,1.18386e+02,8.78750e-02,3.09875e+00,2.48551e+01,3.82250e+01,2.93006e+00,9.06529e+01,1.96614e+00,8.88347e+01,4.65989e-01,2.21930e-01,2.20905e+00,1.79396e+00,1.89380e-01,1.24288e-01,7.78525e-01,5.11925e-01
1.87539e-01,1.20792e+02,3.01721e-02,1.13294e+02,8.41998e-02,2.84963e+00,2.32013e+01,3.74140e+01,2.79602e+00,8.77168e+01,1.85850e+00,1.00865e+02,4.59541e-01,2.09541e-01,2.02293e+00,1.68003e+00,1.91682e-01,1.14983e-01,7.52829e-01,5.00170e-01
1.76336e-01,1.17953e+02,2.99898e-02,1.08622e+02,8.09077e-02,2.62259e+00,2.16541e+01,3.64425e+01,2.66351e+00,8.52346e+01,1.75425e+00,1.14785e+02,4.52587e-01,1.97675e-01,1.85630e+00,1.58026e+00,1.93768e-01,1.06764e-01,7.28462e-01,4.88334e-01
1.65738e-01,1.16429e+02,2.98415e-02,1.04354e+02,7.79490e-02,2.41569e+00,2.02119e+01,3.53590e+01,2.53280e+00,8.31373e+01,1.65385e+00,1.28585e+02,4.45661e-01,1.86337e-01,1.70685e+00,1.49324e+00,1.95960e-01,9.94998e-02,7.05159e-01,4.76523e-01
1.55856e-01,1.16886e+02,2.97293e-02,1.00406e+02,7.52989e-02,2.22719e+00,1.88710e+01,3.42055e+01,2.40425e+00,8.11206e+01,1.55764e+00,1.40761e+02,4.39295e-01,1.75539e-01,1.57262e+00,1.41775e+00,1.98597e-01,9.30763e-02,6.82627e-01,4.64869e-01
1.46739e-01,1.19930e+02,2.96402e-02,9.66637e+01,7.29179e-02,2.05542e+00,1.76266e+01,3.30205e+01,2.27843e+00,7.89105e+01,1.46579e+00,1.50969e+02,4.34071e-01,1.65276e-01,1.45191e+00,1.35284e+00,2.02020e-01,8.73876e-02,6.60694e-01,4.53392e-01
1.38408e-01,1.25851e+02,2.95665e-02,9.30238e+01,7.07861e-02,1.89892e+00,1.64733e+01,3.18429e+01,2.15599e+00,7.64217e+01,1.37844e+00,1.59835e+02,4.30616e-01,1.55554e-01,1.34324e+00,1.29757e+00,2.06596e-01,8.23469e-02,6.39253e-01,4.42207e-01
1.30838e-01,1.34328e+02,2.95097e-02,8.94268e+01,6.88725e-02,1.75620e+00,1.54052e+01,3.07188e+01,2.03744e+00,7.37395e+01,1.29557e+00,1.68254e+02,4.29548e-01,1.46349e-01,1.24521e+00,1.25087e+00,2.12685e-01,7.78749e-02,6.18187e-01,4.31341e-01
1.24028e-01,1.44386e+02,2.94591e-02,8.58545e+01,6.75155e-02,1.62612e+00,1.44170e+01,2.97310e+01,1.92328e+00,7.09646e+01,1.21717e+00,1.76717e+02,4.31469e-01,1.37665e-01,1.15670e+00,1.21181e+00,2.20718e-01,7.38952e-02,5.97524e-01,4.20849e-01
1.17934e-01,1.54724e+02,3.05565e-02,8.23200e+01,6.95282e-02,1.50741e+00,1.35033e+01,2.91073e+01,1.81383e+00,6.81036e+01,1.14319e+00,1.85047e+02,4.36927e-01,1.29475e-01,1.07666e+00,1.17946e+00,2.31072e-01,7.03810e-02,5.77228e-01,4.10754e-01
1.12518e-01,1.64164e+02,3.38332e-02,7.88467e+01,7.48602e-02,1.39905e+00,1.26585e+01,2.96233e+01,1.70935e+00,6.51234e+01,1.07350e+00,1.92595e+02,4.46324e-01,1.21788e-01,1.00420e+00,1.15288e+00,2.44116e-01,6.72506e-02,5.57354e-01,4.01065e-01
1.07720e-01,1.71956e+02,3.99120e-02,7.54560e+01,7.90125e-02,1.30011e+00,1.18772e+01,3.35638e+01,1.60994e+00,6.20263e+01,1.00795e+00,1.98695e+02,4.59732e-01,1.14588e-01,9.38516e-01,1.13111e+00,2.60068e-01,6.44579e-02,5.37917e-01,3.91751e-01
1.03451e-01,1.77815e+02,4.67996e-02,7.21638e+01,8.53045e-02,1.20971e+00,1.11539e+01,4.37751e+01,1.51564e+00,5.88956e+01,9.46411e-01,2.02988e+02,4.76852e-01,1.07841e-01,8.78897e-01,1.11315e+00,2.78955e-01,6.19823e-02,5.18983e-01,3.82800e-01
9.96428e-02,1.81815e+02,5.20923e-02,6.89815e+01,9.36961e-02,1.12712e+00,1.04834e+01,5.88841e+01,1.42636e+00,5.58600e+01,8.88712e-01,2.05488e+02,4.96970e-01,1.01552e-01,8.24714e-01,1.09798e+00,3.00541e-01,5.97982e-02,5.00592e-01,3.74261e-01
9.62128e-02,1.84214e+02,5.65603e-02,6.59207e+01,1.03811e-01,1.05160e+00,9.86097e+00,7.45154e+01,1.34201e+00,5.30002e+01,8.34688e-01,2.06451e+02,5.18964e-01,9.57025e-02,7.75415e-01,1.08489e+00,3.24284e-01,5.78889e-02,4.82840e-01,3.66132e-01
9.31003e-02,1.85324e+02,6.13690e-02,6.30000e+01,1.15151e-01,9.82494e-01,9.28221e+00,8.71559e+01,1.26242e+00,5.03129e+01,7.84159e-01,2.06207e+02,5.41429e-01,9.02926e-02,7.30505e-01,1.07297e+00,3.49379e-01,5.62475e-02,4.65709e-01,3.58390e-01
9.02201e-02,1.85419e+02,6.65966e-02,6.02639e+01,1.26928e-01,9.19278e-01,8.74318e+00,9.52775e+01,1.18747e+00,4.77634e+01,7.36936e-01,2.05068e+02,5.62913e-01,8.52993e-02,6.89519e-01,1.06165e+00,3.74855e-01,5.48510e-02,4.49292e-01,3.51052e-01
8.75043e-02,1.84714e+02,7.15258e-02,5.78406e+01,1.39223e-01,8.61346e-01,8.24012e+00,9.95524e+01,1.11691e+00,4.53317e+01,6.92821e-01,2.03333e+02,5.82132e-01,8.07120e-02,6.52064e-01,1.05028e+00,3.99798e-01,5.36594e-02,4.33530e-01,3.44127e-01
8.49141e-02,1.83362e+02,7.51597e-02,5.61543e+01,1.53090e-01,8.08273e-01,7.77028e+00,1.01291e+02,1.05059e+00,4.30215e+01,6.51658e-01,2.01312e+02,5.98051e-01,7.65227e-02,6.17830e-01,1.03864e+00,4.23409e-01,5.26383e-02,4.18576e-01,3.37630e-01
8.24348e-02,1.81480e+02,7.67710e-02,5.64516e+01,1.69158e-01,7.59660e-01,7.33094e+00,1.01327e+02,9.88276e-01,4.08460e+01,6.13260e-01,1.99374e+02,6.10049e-01,7.27145e-02,5.86445e-01,1.02648e+00,4.45188e-01,5.17894e-02,4.04373e-01,3.31679e-01
8.00520e-02,1.79161e+02,7.62366e-02,6.09975e+01,1.86597e-01,7.15087e-01,6.91963e+00,1.00259e+02,9.29787e-01,3.88089e+01,5.77455e-01,1.97936e+02,6.17841e-01,6.93013e-02,5.57698e-01,1.01381e+00,4.64906e-01,5.10624e-02,3.90969e-01,3.26242e-01
7.77605e-02,1.76478e+02,7.39723e-02,7.06511e+01,2.02963e-01,6.74198e-01,6.53433e+00,9.86060e+01,8.74936e-01,3.69005e+01,5.44074e-01,1.97420e+02,6.21461e-01,6.62480e-02,5.31301e-01,1.00068e+00,4.82573e-01,5.04198e-02,3.78389e-01,3.21323e-01
7.55499e-02,1.73487e+02,7.06464e-02,8.29713e+01,2.15501e-01,6.36669e-01,6.17316e+00,9.67271e+01,8.23558e-01,3.51032e+01,5.12968e-01,1.98156e+02,6.21159e-01,6.35338e-02,5.07057e-01,9.87276e-01,4.98431e-01,4.98616e-02,3.66603e-01,3.17065e-01
7.34140e-02,1.70221e+02,6.69307e-02,9.46431e+01,2.22458e-01,6.02215e-01,5.83436e+00,9.47545e+01,7.75434e-01,3.33999e+01,4.83980e-01,2.00267e+02,6.17374e-01,6.11366e-02,4.84739e-01,9.73830e-01,5.12815e-01,4.93642e-02,3.55604e-01,3.13491e-01
7.13382e-02,1.66708e+02,6.33685e-02,1.03328e+02,2.33441e-01,5.70561e-01,5.51647e+00,9.27381e+01,7.30385e-01,3.17813e+01,4.56974e-01,2.03580e+02,6.10602e-01,5.90239e-02,4.64194e-01,9.60542e-01,5.26083e-01,4.89508e-02,3.45341e-01,3.10676e-01
6.93188e-02,1.62975e+02,8.40437e-02,1.08318e+02,2.66753e-01,5.41485e-01,5.21803e+00,9.06172e+01,6.88221e-01,3.02465e+01,4.31810e-01,2.07639e+02,6.01334e-01,5.71684e-02,4.45228e-01,9.47644e-01,5.38577e-01,5.05156e-02,3.35831e-01,3.08723e-01
6.73443e-02,1.59053e+02,1.82658e-01,1.10481e+02,4.43502e-01,5.14774e-01,4.93783e+00,8.82528e+01,6.58650e-01,2.88034e+01,4.08357e-01,2.11827e+02,5.90029e-01,5.55577e-02,4.27718e-01,9.35377e-01,5.50480e-01,6.12779e-02,3.27023e-01,3.07656e-01
7.05600e-02,1.54979e+02,4.83612e-01,1.10931e+02,1.30050e+00,4.90199e-01,4.67444e+00,8.56201e+01,6.51555e-01,2.74840e+01,3.86489e-01,2.15559e+02,5.81445e-01,9.25743e-02,4.11528e-01,9.23829e-01,5.62385e-01,8.18025e-02,3.18859e-01,3.08635e-01
8.91607e-02,1.50792e+02,1.14539e+00,1.10253e+02,3.32996e+00,4.67675e-01,4.42702e+00,8.28182e+01,6.72608e-01,2.62900e+01,3.66110e-01,2.18406e+02,5.72729e-01,1.86314e-01,3.96551e-01,9.13190e-01,5.80324e-01,1.08026e-01,3.17398e-01,3.10393e-01
1.17494e-01,1.46540e+02,2.75038e+00,1.08821e+02,9.28512e+00,4.46839e-01,4.19444e+00,7.99719e+01,7.25892e-01,2.52670e+01,3.47128e-01,2.20159e+02,5.68532e-01,3.48502e-01,3.82677e-01,9.03550e-01,6.01968e-01,1.53360e-01,3.19662e-01,3.29414e-01
1.36928e-01,1.42268e+02,5.27118e+00,1.07003e+02,2.55951e+01,4.27670e-01,3.97574e+00,7.71544e+01,8.03834e-01,2.43831e+01,3.29441e-01,2.20804e+02,5.70125e-01,5.99493e-01,3.69815e-01,8.95013e-01,6.24905e-01,2.00987e-01,3.31646e-01,3.60330e-01
1.91995e-01,1.38012e+02,7.10579e+00,1.05082e+02,3.78819e+01,4.10038e-01,3.77007e+00,7.43786e+01,9.02504e-01,2.36161e+01,3.12937e-01,2.20471e+02,5.96134e-01,9.55481e-01,3.57868e-01,8.87605e-01,6.46242e-01,2.56166e-01,3.51181e-01,4.19078e-01
3.75383e-01,1.33812e+02,7.61396e+00,1.03195e+02,4.03660e+01,3.93863e-01,3.57662e+00,7.16382e+01,1.02899e+00,2.29543e+01,2.97548e-01,2.19347e+02,1.46293e+00,1.50344e+00,3.46780e-01,8.81406e-01,6.62282e-01,3.29195e-01,3.72182e-01,4.93743e-01
6.93151e-01,1.29691e+02,7.30374e+00,1.01316e+02,3.76759e+01,3.79017e-01,3.39464e+00,6.89281e+01,1.21246e+00,2.23794e+01,2.83217e-01,2.17623e+02,4.77629e+00,2.40634e+00,3.36478e-01,8.76364e-01,6.72415e-01,4.58879e-01,3.94708e-01,5.48964e-01
1.26408e+00,1.25671e+02,7.61069e+00,9.94258e+01,3.44831e+01,3.65370e-01,3.22336e+00,6.62550e+01,1.57715e+00,2.18697e+01,2.69853e-01,2.15466e+02,1.16644e+01,4.14028e+00,3.26884e-01,8.72548e-01,6.77347e-01,1.15911e+00,4.21405e-01,5.75215e-01
3.32515e+00,1.21763e+02,1.03813e+01,9.74677e+01,3.56993e+01,3.52813e-01,3.06221e+00,6.36328e+01,2.61885e+00,2.14346e+01,2.57396e-01,2.13006e+02,2.00041e+01,8.90798e+00,3.17966e-01,8.69866e-01,7.21340e-01,3.13829e+00,4.52940e-01,5.98487e-01
8.71394e+00,1.18333e+02,1.41645e+01,9.53326e+01,3.92318e+01,4.66884e-01,2.94205e+00,6.11759e+01,5.26342e+00,2.11678e+01,2.46207e-01,2.10356e+02,5.47757e+01,2.07823e+01,3.20566e-01,8.68372e-01,8.47840e-01,6.38791e+00,4.96009e-01,6.62136e-01
2.00878e+01,1.15171e+02,1.73945e+01,9.30464e+01,4.30352e+01,7.52182e-01,2.90260e+00,5.90478e+01,9.31667e+00,2.13176e+01,2.50598e-01,2.07588e+02,2.01172e+02,3.96077e+01,3.45528e-01,8.68115e-01,1.01498e+00,1.22580e+01,5.79001e-01,8.27944e-01
5.30358e+01,1.12565e+02,1.84944e+01,9.06721e+01,4.53843e+01,1.19660e+00,3.05274e+00,5.70242e+01,1.45943e+01,2.18238e+01,2.81269e-01,2.04748e+02,3.57611e+02,6.59583e+01,3.66503e-01,8.70217e-01,1.18147e+00,2.15901e+01,7.11713e-01,1.08988e+00
1.08224e+02,1.11207e+02,1.75779e+01,8.82728e+01,4.45298e+01,1.56872e+00,3.28651e+00,5.48718e+01,2.42130e+01,2.23044e+01,3.13009e-01,2.01953e+02,5.05047e+02,9.16788e+01,4.07401e-01,8.77831e-01,1.32401e+00,2.70402e+01,8.77589e-01,1.35788e+00
1.67270e+02,1.11179e+02,1.57590e+01,8.60108e+01,4.10196e+01,1.95831e+00,3.41534e+00,5.26951e+01,4.06839e+01,2.28447e+01,3.50745e-01,1.99415e+02,6.77350e+02,1.10778e+02,4.62526e-01,8.94054e-01,1.46418e+00,2.79263e+01,1.03344e+00,1.61080e+00
2.08655e+02,1.11806e+02,1.35746e+01,8.39466e+01,3.59506e+01,2.80874e+00,3.49345e+00,5.05884e+01,5.60023e+01,2.38989e+01,4.19470e-01,1.97297e+02,8.80439e+02,1.29525e+02,5.11261e-01,9.17974e-01,1.67803e+00,2.70034e+01,1.16725e+00,1.89394e+00
2.29451e+02,1.11876e+02,1.12946e+01,8.21497e+01,3.01787e+01,4.18417e+00,3.63293e+00,4.85500e+01,6.37481e+01,2.56100e+01,4.52336e-01,1.95781e+02,1.01564e+03,1.53672e+02,5.57619e-01,9.50795e-01,2.08753e+00,2.60134e+01,1.28796e+00,2.24639e+00
2.35944e+02,1.10437e+02,9.17840e+00,8.05931e+01,2.44243e+01,5.10771e+00,3.81252e+00,4.65791e+01,6.85896e+01,2.74082e+01,4.43968e-01,1.95215e+02,1.03018e+03,1.77496e+02,6.09687e-01,9.96521e-01,2.91301e+00,2.54383e+01,1.40109e+00,2.72815e+00
2.31261e+02,1.07457e+02,7.36076e+00,7.91465e+01,1.92635e+01,5.16824e+00,3.94741e+00,4.47226e+01,7.63609e+01,2.85772e+01,4.32967e-01,1.95838e+02,9.71745e+02,1.97552e+02,6.65373e-01,1.05738e+00,4.63888e+00,2.47124e+01,1.50248e+00,3.39969e+00
2.16752e+02,1.03547e+02,5.85783e+00,7.76709e+01,1.49798e+01,4.70047e+00,3.99057e+00,4.30313e+01,8.73350e+01,2.88654e+01,4.27122e-01,1.97244e+02,8.93473e+02,2.08166e+02,7.41309e-01,1.13054e+00,7.35965e+00,2.31276e+01,1.58031e+00,4.23792e+00
1.94904e+02,9.94083e+01,4.64053e+00,7.60490e+01,1.15938e+01,4.06703e+00,3.93879e+00,4.15115e+01,1.00658e+02,2.84516e+01,4.20794e-01,1.98598e+02,8.16726e+02,2.03654e+02,8.51057e-01,1.20715e+00,9.97643e+00,2.06936e+01,1.62684e+00,5.17456e+00
1.69489e+02,9.54804e+01,3.67168e+00,7.42193e+01,8.98900e+00,3.47479e+00,3.82040e+00,4.01334e+01,1.16979e+02,2.76564e+01,4.13169e-01,1.99355e+02,7.40697e+02,1.86540e+02,9.82616e-01,1.27606e+00,1.17431e+01,1.78876e+01,1.64561e+00,6.21336e+00
1.44036e+02,9.19154e+01,2.91339e+00,7.21857e+01,7.01194e+00,2.99139e+00,3.66825e+00,3.88436e+01,1.34805e+02,2.67574e+01,4.04788e-01,1.99365e+02,6.62513e+02,1.63409e+02,1.11967e+00,1.32853e+00,1.27592e+01,1.51363e+01,1.64673e+00,7.41161e+00
1.20781e+02,8.87566e+01,2.32705e+00,7.00123e+01,5.51815e+00,2.61236e+00,3.50802e+00,3.75873e+01,1.49842e+02,2.59319e+01,3.95511e-01,1.98583e+02,5.84274e+02,1.39547e+02,1.25562e+00,1.36090e+00,1.33091e+01,1.26553e+01,1.63987e+00,8.89879e+00
1.00663e+02,8.60903e+01,1.87661e+00,6.77883e+01,4.38850e+00,2.31347e+00,3.35888e+00,3.63385e+01,1.58765e+02,2.52490e+01,3.85276e-01,1.96951e+02,5.09994e+02,1.17698e+02,1.39372e+00,1.37444e+00,1.36655e+01,1.05110e+01,1.63006e+00,1.17803e+01
8.37955e+01,8.41184e+01,1.53094e+00,6.56045e+01,3.53051e+00,2.07269e+00,3.23108e+00,3.51010e+01,1.61229e+02,2.46841e+01,3.74419e-01,1.94473e+02,4.42675e+02,9.88365e+01,1.54398e+00,1.37271e+00,1.42144e+01,8.70212e+00,1.61908e+00,1.96837e+01
6.98709e+01,8.31628e+01,1.26481e+00,6.35217e+01,2.87450e+00,1.87364e+00,3.12606e+00,3.38913e+01,1.58707e+02,2.41561e+01,3.63466e-01,1.91283e+02,3.83648e+02,8.29884e+01,1.71885e+00,1.35958e+00,1.55674e+01,7.20110e+00,1.60751e+00,3.62639e+01
5.84388e+01,8.35778e+01,1.05874e+00,6.15691e+01,2.36894e+00,1.70524e+00,3.04160e+00,3.27231e+01,1.53055e+02,2.35764e+01,3.52816e-01,1.87620e+02,3.32970e+02,6.98091e+01,1.92582e+00,1.33830e+00,2.08278e+01,5.96910e+00,1.59534e+00,5.48405e+01
4.90567e+01,8.55409e+01,8.98059e-01,5.97469e+01,1.97593e+00,1.56097e+00,2.97913e+00,3.15989e+01,1.45844e+02,2.28895e+01,3.42834e-01,1.83757e+02,2.89961e+02,5.88823e+01,2.16275e+00,1.31133e+00,5.18093e+01,4.96400e+00,1.58107e+00,6.54394e+01
4.13424e+01,8.88695e+01,7.71701e-01,5.80373e+01,1.66765e+00,1.43783e+00,2.94981e+00,3.05109e+01,1.38083e+02,2.20906e+01,3.33735e-01,1.79916e+02,2.53619e+02,4.98186e+01,2.42308e+00,1.28060e+00,1.38499e+02,4.14620e+00,1.56217e+00,6.88010e+01
3.49833e+01,9.30583e+01,6.71511e-01,5.64167e+01,1.42361e+00,1.33480e+00,2.97687e+00,2.94485e+01,1.30174e+02,2.12150e+01,3.25662e-01,1.76233e+02,2.22879e+02,4.22866e+01,2.70512e+00,1.24764e+00,2.63030e+02,3.48143e+00,1.53616e+00,7.05353e+01
2.97281e+01,9.75088e+01,5.91326e-01,5.48624e+01,1.22865e+00,1.25155e+00,3.09215e+00,2.84012e+01,1.22127e+02,2.03197e+01,3.18653e-01,1.72720e+02,1.96737e+02,3.60144e+01,3.01138e+00,1.21390e+00,3.63977e+02,2.94043e+00,1.50191e+00,2.29417e+02
2.53781e+01,1.01724e+02,5.26579e-01,5.33601e+01,1.07157e+00,1.18810e+00,3.32227e+00,2.73683e+01,1.13866e+02,1.94629e+01,3.12750e-01,1.69307e+02,1.74353e+02,3.07850e+01,3.33595e+00,1.18047e+00,4.10344e+02,2.49890e+00,1.45991e+00,7.93555e+02
2.17722e+01,1.05363e+02,4.73878e-01,5.18979e+01,9.43881e-01,1.14429e+00,3.66424e+00,2.63537e+01,1.05405e+02,1.86945e+01,3.07994e-01,1.65862e+02,1.55071e+02,2.64186e+01,3.65532e+00,1.14861e+00,4.23757e+02,2.13698e+00,1.41179e+00,1.06811e+03
1.87789e+01,1.08239e+02,4.30601e-01,5.04679e+01,8.39239e-01,1.12070e+00,4.07230e+00,2.53657e+01,9.68775e+01,1.80498e+01,3.04397e-01,1.62257e+02,1.38407e+02,2.27671e+01,3.93963e+00,1.11952e+00,4.21174e+02,1.83894e+00,1.35977e+00,1.15996e+03
1.62886e+01,1.10306e+02,3.98258e-01,4.90677e+01,7.53140e-01,1.11916e+00,4.47695e+00,2.44175e+01,8.84643e+01,1.75494e+01,3.02028e-01,1.58402e+02,1.24046e+02,1.97044e+01,4.17271e+00,1.09499e+00,4.06502e+02,1.59615e+00,1.30591e+00,1.19026e+03
1.42095e+01,1.11631e+02,3.74010e-01,4.76932e+01,6.81417e-01,1.14407e+00,4.81998e+00,2.35251e+01,8.03469e+01,1.72015e+01,3.00870e-01,1.54269e+02,1.11825e+02,1.71274e+01,4.35937e+00,1.08262e+00,3.84350e+02,1.39582e+00,1.25205e+00,1.16678e+03
1.24658e+01,1.12358e+02,3.60788e-01,4.63440e+01,6.21038e-01,1.20412e+00,5.07179e+00,2.27083e+01,7.26700e+01,1.70045e+01,3.00850e-01,1.49894e+02,1.01571e+02,1.49489e+01,4.51453e+00,1.12230e+00,3.57644e+02,1.23182e+00,1.19958e+00,1.11034e+03
1.09952e+01,1.12647e+02,3.52294e-01,4.50201e+01,5.70539e-01,1.31274e+00,5.22801e+00,2.19894e+01,6.55347e+01,1.69499e+01,3.01878e-01,1.45357e+02,9.31233e+01,1.31013e+01,4.64738e+00,1.34801e+00,3.29153e+02,1.09972e+00,1.14957e+00,1.04105e+03
9.74739e+00,1.12627e+02,3.46207e-01,4.37361e+01,5.28056e-01,1.48359e+00,5.29940e+00,2.13869e+01,5.89932e+01,1.70233e+01,3.03837e-01,1.40770e+02,8.62366e+01,1.15293e+01,4.75337e+00,1.93169e+00,3.00619e+02,9.90990e-01,1.10304e+00,9.62789e+02
8.68382e+00,1.12358e+02,3.42564e-01,4.25296e+01,4.92038e-01,1.71750e+00,5.30306e+00,2.09105e+01,5.30596e+01,1.72044e+01,3.06574e-01,1.36266e+02,8.05183e+01,1.01877e+01,4.81848e+00,2.73631e+00,2.72928e+02,8.98522e-01,1.06095e+00,8.89588e+02
7.77458e+00,1.11858e+02,3.40021e-01,4.14707e+01,4.61259e-01,1.99046e+00,5.25683e+00,2.05538e+01,4.77165e+01,1.74701e+01,3.09857e-01,1.31989e+02,7.55482e+01,9.03777e+00,4.82951e+00,3.39871e+00,2.46946e+02,8.18377e-01,1.02417e+00,8.15884e+02
6.99498e+00,1.11128e+02,3.36370e-01,4.06542e+01,4.34725e-01,2.26031e+00,5.17631e+00,2.02982e+01,4.29268e+01,1.78307e+01,3.13433e-01,1.28098e+02,7.09524e+01,8.04847e+00,4.78085e+00,3.76918e+00,2.23276e+02,7.48669e-01,9.94058e-01,7.38864e+02
6.32363e+00,1.10188e+02,3.29999e-01,4.01597e+01,4.11492e-01,2.48838e+00,5.07424e+00,2.01177e+01,3.86448e+01,1.84974e+01,3.16946e-01,1.24765e+02,6.64635e+01,7.19360e+00,4.67609e+00,3.91528e+00,2.01739e+02,6.87697e-01,9.72235e-01,6.77934e+02
5.74203e+00,1.09092e+02,3.20917e-01,4.00009e+01,3.90931e-01,2.65478e+00,4.96004e+00,1.99931e+01,3.48209e+01,2.05744e+01,3.20033e-01,1.22157e+02,6.19612e+01,6.45231e+00,4.52422e+00,3.92573e+00,1.81995e+02,6.33910e-01,9.60791e-01,6.23340e+02
5.23452e+00,1.07906e+02,3.10521e-01,4.00983e+01,3.72701e-01,2.75805e+00,4.84135e+00,1.99221e+01,3.14085e+01,2.77290e+01,3.22284e-01,1.20413e+02,5.74473e+01,5.80777e+00,4.33656e+00,3.84973e+00,1.63930e+02,5.86058e-01,9.62347e-01,5.71167e+02
4.78871e+00,1.06687e+02,3.00903e-01,4.03036e+01,3.56539e-01,2.80677e+00,4.72380e+00,1.99212e+01,2.83644e+01,4.43449e+01,3.23367e-01,1.19603e+02,5.29869e+01,5.24674e+00,4.12402e+00,3.71760e+00,1.47809e+02,5.43403e-01,9.79776e-01,5.24308e+02
4.39440e+00,1.05469e+02,2.93861e-01,4.04693e+01,3.42322e-01,2.81240e+00,4.61216e+00,2.00210e+01,2.56499e+01,6.80188e+01,3.23069e-01,1.19703e+02,4.86660e+01,4.75814e+00,3.89650e+00,3.55267e+00,1.33764e+02,5.05690e-01,1.01541e+00,4.83367e+02
4.04343e+00,1.04263e+02,2.90045e-01,4.04992e+01,3.29853e-01,2.78561e+00,4.51064e+00,2.02579e+01,2.32297e+01,9.15592e+01,3.21331e-01,1.20584e+02,4.45572e+01,4.33308e+00,3.66213e+00,3.37274e+00,1.21486e+02,4.72838e-01,1.06984e+00,4.46078e+02
3.72929e+00,1.03051e+02,2.88488e-01,4.03609e+01,3.19029e-01,2.73541e+00,4.42324e+00,2.06556e+01,2.10720e+01,1.09639e+02,3.18235e-01,1.22039e+02,4.07096e+01,3.96376e+00,3.42737e+00,3.18968e+00,1.10581e+02,4.44722e-01,1.14064e+00,4.11103e+02
3.44664e+00,1.01805e+02,2.87218e-01,4.00677e+01,3.09684e-01,2.66900e+00,4.35388e+00,2.12052e+01,1.91475e+01,1.21654e+02,3.14017e-01,1.23827e+02,3.71489e+01,3.64339e+00,3.19723e+00,3.95368e+01,1.00804e+02,4.21102e-01,1.22195e+00,3.77486e+02
3.19120e+00,1.00483e+02,2.84450e-01,3.96582e+01,3.01686e-01,2.59202e+00,4.30624e+00,2.18457e+01,1.74296e+01,1.30421e+02,3.09069e-01,1.25726e+02,3.38803e+01,3.36534e+00,2.97530e+00,5.27118e+02,9.20196e+01,4.01587e-01,1.30548e+00,3.46362e+02
2.95946e+00,9.90555e+01,2.79353e-01,3.91761e+01,2.94846e-01,2.50848e+00,4.28433e+00,2.24789e+01,1.58949e+01,1.40687e+02,3.03832e-01,1.27591e+02,3.08979e+01,3.12320e+00,2.76410e+00,8.69668e+02,8.41490e+01,3.85657e-01,1.38283e+00,3.18358e+02
2.74860e+00,9.75031e+01,2.72058e-01,3.86664e+01,2.88952e-01,2.42133e+00,4.29196e+00,2.30028e+01,1.45227e+01,1.56617e+02,2.98816e-01,1.29446e+02,2.81874e+01,2.91083e+00,2.56521e+00,9.30683e+02,7.71071e+01,3.72673e-01,1.44722e+00,2.92663e+02
2.55638e+00,9.58224e+01,2.63256e-01,3.81712e+01,2.83836e-01,2.33241e+00,4.33265e+00,2.33487e+01,1.32936e+01,1.77541e+02,2.94642e-01,1.31605e+02,2.57300e+01,2.72226e+00,2.37936e+00,9.30048e+02,7.07809e+01,3.61993e-01,1.49481e+00,2.68447e+02
2.38084e+00,9.40262e+01,2.53781e-01,3.77302e+01,2.79300e-01,2.24292e+00,4.40888e+00,2.34928e+01,1.21917e+01,1.98251e+02,2.91912e-01,1.34762e+02,2.35066e+01,2.55247e+00,2.20682e+00,9.28485e+02,6.50637e+01,3.53010e-01,1.52448e+00,2.48068e+02
2.22045e+00,9.21286e+01,2.44322e-01,3.73812e+01,2.75152e-01,2.15354e+00,4.52086e+00,2.34470e+01,1.12024e+01,2.13881e+02,2.91248e-01,1.39934e+02,2.14971e+01,2.39743e+00,2.04739e+00,9.32351e+02,5.98653e+01,3.45250e-01,1.53716e+00,2.30172e+02
2.07386e+00,9.01519e+01,2.35355e-01,3.71576e+01,2.71224e-01,2.06476e+00,4.66523e+00,2.32419e+01,1.03128e+01,2.22953e+02,2.93253e-01,1.48074e+02,1.96830e+01,2.25425e+00,1.90060e+00,9.05399e+02,5.51172e+01,3.38378e-01,1.53511e+00,2.13300e+02
1.93996e+00,8.81145e+01,2.27155e-01,3.70849e+01,2.67427e-01,1.97692e+00,4.83415e+00,2.29134e+01,9.51178e+00,2.26557e+02,2.98414e-01,1.59492e+02,1.80464e+01,2.12105e+00,1.76582e+00,8.62196e+02,5.07713e+01,3.32166e-01,1.52095e+00,1.97420e+02
1.81774e+00,8.60351e+01,2.19844e-01,3.71715e+01,2.63713e-01,1.89035e+00,5.01621e+00,2.24932e+01,8.78932e+00,2.26408e+02,3.07024e-01,1.73573e+02,1.65706e+01,1.99667e+00,1.64231e+00,8.22614e+02,4.67941e+01,3.26476e-01,1.49740e+00,1.83014e+02
1.70628e+00,8.39289e+01,2.13457e-01,3.73999e+01,2.60062e-01,1.80538e+00,5.19836e+00,2.20065e+01,8.13652e+00,2.23995e+02,3.19108e-01,1.89218e+02,1.52404e+01,1.88061e+00,1.52932e+00,7.77581e+02,4.31581e+01,3.21224e-01,1.46694e+00,1.70218e+02
1.60465e+00,8.18120e+01,2.07950e-01,3.77208e+01,2.56494e-01,1.72229e+00,5.36878e+00,2.14738e+01,7.54556e+00,2.20349e+02,3.34328e-01,2.05594e+02,1.40411e+01,1.77248e+00,1.42602e+00,7.31694e+02,3.98378e+01,3.16300e-01,1.43175e+00,1.58963e+02
1.51205e+00,7.96978e+01,2.03252e-01,3.80650e+01,2.53057e-01,1.64142e+00,5.51751e+00,2.09107e+01,7.01026e+00,2.15977e+02,3.52038e-01,2.22444e+02,1.29594e+01,1.67227e+00,1.33171e+00,6.90839e+02,3.68090e+01,3.11645e-01,1.39342e+00,1.48857e+02
1.42774e+00,7.76001e+01,1.99273e-01,3.83581e+01,2.49790e-01,1.56309e+00,5.63752e+00,2.03325e+01,6.52425e+00,2.11022e+02,3.71370e-01,2.39693e+02,1.19835e+01,1.57971e+00,1.24565e+00,6.49408e+02,3.40485e+01,3.07227e-01,1.35330e+00,1.39547e+02
1.35086e+00,7.55333e+01,1.95925e-01,3.85404e+01,2.46732e-01,1.48750e+00,5.72405e+00,1.97562e+01,6.08249e+00,2.05684e+02,3.91299e-01,2.56867e+02,1.11024e+01,1.49464e+00,1.16719e+00,6.08620e+02,3.15324e+01,3.02966e-01,1.31238e+00,1.30656e+02
1.28086e+00,7.35079e+01,1.93126e-01,3.85793e+01,2.43932e-01,1.41490e+00,5.77452e+00,1.92033e+01,5.68068e+00,2.01460e+02,4.10855e-01,2.72920e+02,1.03058e+01,1.41683e+00,1.09568e+00,5.72735e+02,2.92372e+01,2.98826e-01,1.27134e+00,1.22240e+02
1.21705e+00,7.15351e+01,1.90810e-01,3.84664e+01,2.41395e-01,1.34545e+00,5.78840e+00,1.87010e+01,5.31459e+00,2.04246e+02,4.29201e-01,2.86618e+02,9.58519e+00,1.34585e+00,1.03055e+00,5.38888e+02,2.71420e+01,2.94829e-01,1.23048e+00,1.14714e+02
1.15887e+00,6.96214e+01,1.88894e-01,3.82120e+01,2.39121e-01,1.27926e+00,5.76697e+00,1.82862e+01,4.98081e+00,2.26214e+02,4.45655e-01,2.97048e+02,8.93245e+00,1.28131e+00,9.71289e-01,5.07398e+02,2.52268e+01,2.90982e-01,1.19025e+00,1.07998e+02
1.10581e+00,6.77715e+01,1.87289e-01,3.78341e+01,2.37085e-01,1.21641e+00,5.71290e+00,1.80067e+01,4.67638e+00,2.70738e+02,4.59729e-01,3.03893e+02,8.34054e+00,1.22277e+00,9.17397e-01,4.75233e+02,2.34740e+01,2.87290e-01,1.15074e+00,1.01845e+02
1.05741e+00,6.59882e+01,1.85979e-01,3.73528e+01,2.35280e-01,1.15692e+00,5.63001e+00,1.79214e+01,4.39842e+00,3.20794e+02,4.71108e-01,3.07391e+02,7.80302e+00,1.16970e+00,8.68419e-01,4.41237e+02,2.18678e+01,2.83775e-01,1.11206e+00,9.62133e+01
1.01321e+00,6.42711e+01,1.84928e-01,3.67850e+01,2.33696e-01,1.10080e+00,5.52269e+00,1.80882e+01,4.14473e+00,3.57303e+02,4.79625e-01,3.08103e+02,7.31418e+00,1.12162e+00,8.23934e-01,4.12596e+02,2.03943e+01,2.80506e-01,1.07437e+00,9.11006e+01
9.72819e-01,6.26196e+01,1.84066e-01,3.61477e+01,2.32301e-01,1.04794e+00,5.39555e+00,1.85389e+01,3.91293e+00,3.74197e+02,4.85284e-01,3.06749e+02,6.86889e+00,1.07801e+00,7.83523e-01,3.89205e+02,1.90408e+01,2.77472e-01,1.03763e+00,8.64196e+01
9.35889e-01,6.10328e+01,1.83390e-01,3.54526e+01,2.31062e-01,9.98295e-01,5.25273e+00,1.92526e+01,3.70128e+00,3.77162e+02,4.88147e-01,3.04144e+02,6.46265e+00,1.03843e+00,7.46891e-01,3.68526e+02,1.77967e+01,2.74696e-01,1.00195e+00,8.21167e+01
9.02131e-01,5.95120e+01,1.82862e-01,3.47161e+01,2.29962e-01,9.51794e-01,5.09808e+00,2.01410e+01,3.50804e+00,3.72367e+02,4.88396e-01,3.01382e+02,6.09158e+00,1.00248e+00,7.13639e-01,3.47168e+02,1.66521e+01,2.72196e-01,9.67414e-01,7.81488e+01
8.71183e-01,5.80576e+01,1.82415e-01,3.39520e+01,2.28974e-01,9.08306e-01,4.93495e+00,2.10775e+01,3.33175e+00,3.63986e+02,4.86274e-01,3.00155e+02,5.75186e+00,9.69737e-01,6.83536e-01,3.28178e+02,1.55985e+01,2.69980e-01,9.34026e-01,7.44285e+01
8.42836e-01,5.66726e+01,1.82058e-01,3.31798e+01,2.28091e-01,8.67704e-01,4.76632e+00,2.19413e+01,3.17103e+00,3.55370e+02,4.82034e-01,3.03029e+02,5.44025e+00,9.39857e-01,6.56268e-01,3.08928e+02,1.46279e+01,2.68019e-01,9.01857e-01,7.08946e+01
8.16833e-01,5.53626e+01,1.81807e-01,3.24238e+01,2.27309e-01,8.29843e-01,4.59463e+00,2.26598e+01,3.02449e+00,3.47978e+02,4.75952e-01,3.12908e+02,5.15391e+00,9.12501e-01,6.31594e-01,2.91262e+02,1.37336e+01,2.66308e-01,8.70990e-01,6.75249e+01
7.92962e-01,5.41332e+01,1.81591e-01,3.19084e+01,2.26611e-01,7.94598e-01,4.42199e+00,2.32271e+01,2.89101e+00,3.41355e+02,4.68306e-01,3.31090e+02,4.89034e+00,8.87408e-01,6.09271e-01,2.76281e+02,1.29087e+01,2.64817e-01,8.41400e-01,6.43002e+01
7.71026e-01,5.29913e+01,1.81419e-01,4.84947e+01,2.25992e-01,7.61836e-01,4.25026e+00,2.37185e+01,2.76956e+00,3.34355e+02,4.59382e-01,3.55269e+02,4.64727e+00,8.64356e-01,5.89107e-01,2.62278e+02,1.21475e+01,2.63542e-01,8.13171e-01,6.11969e+01
7.50862e-01,5.19435e+01,1.81304e-01,1.89632e+02,2.25440e-01,7.31429e-01,4.08087e+00,2.43086e+01,2.65914e+00,3.25340e+02,4.49422e-01,3.80200e+02,4.42282e+00,8.43134e-01,5.70884e-01,2.49108e+02,1.14446e+01,2.62462e-01,7.86249e-01,5.82019e+01
7.32324e-01,5.09959e+01,1.81234e-01,3.87010e+02,2.24937e-01,7.03253e-01,3.91529e+00,2.52987e+01,2.55882e+00,3.14081e+02,4.38634e-01,4.00630e+02,4.21517e+00,8.23561e-01,5.54448e-01,2.36731e+02,1.07951e+01,2.61542e-01,7.60695e-01,5.53145e+01
7.15276e-01,5.01517e+01,1.81198e-01,5.52799e+02,2.24451e-01,6.77131e-01,3.75452e+00,2.70871e+01,2.46775e+00,3.01707e+02,4.27258e-01,4.13729e+02,4.02275e+00,8.05464e-01,5.39623e-01,2.25091e+02,1.01940e+01,2.60770e-01,7.36394e-01,5.25425e+01
6.99570e-01,4.94105e+01,1.81170e-01,6.35076e+02,2.24001e-01,6.52966e-01,3.59954e+00,2.99638e+01,2.38524e+00,2.89330e+02,4.15447e-01,4.19420e+02,3.84436e+00,7.88765e-01,5.26265e-01,2.13832e+02,9.63748e+00,2.60111e-01,7.13429e-01,4.98987e+01
6.85126e-01,4.87682e+01,1.81157e-01,6.62398e+02,2.23558e-01,6.30654e-01,3.45104e+00,3.37847e+01,2.31047e+00,2.77190e+02,4.03358e-01,4.19238e+02,3.67878e+00,7.73303e-01,5.14257e-01,2.02374e+02,9.12150e+00,2.59579e-01,6.91747e-01,4.73877e+01
6.71839e-01,4.82146e+01,1.81156e-01,6.67552e+02,2.23132e-01,6.10072e-01,3.30951e+00,3.79346e+01,2.24284e+00,2.65119e+02,3.91144e-01,4.15144e+02,3.52504e+00,7.59010e-01,5.03425e-01,1.91657e+02,8.64236e+00,2.59102e-01,6.71307e-01,4.50075e+01
6.59628e-01,4.77351e+01,1.81157e-01,6.59877e+02,2.22715e-01,5.91082e-01,3.17536e+00,4.16687e+01,2.18175e+00,2.53043e+02,3.78908e-01,4.08923e+02,3.38231e+00,7.45803e-01,4.93682e-01,1.82052e+02,8.19667e+00,2.58715e-01,6.52031e-01,4.27544e+01
6.48397e-01,4.73143e+01,1.81166e-01,6.53659e+02,2.22329e-01,5.73588e-01,3.04870e+00,4.44715e+01,2.12658e+00,2.41066e+02,3.66742e-01,4.01888e+02,3.24964e+00,7.33612e-01,4.84923e-01,1.71934e+02,7.78153e+00,2.58385e-01,6.33933e-01,4.06222e+01
6.38084e-01,4.69345e+01,1.81184e-01,6.50809e+02,2.21954e-01,5.57483e-01,2.92965e+00,4.62052e+01,2.07683e+00,2.29377e+02,3.54746e-01,3.94709e+02,3.12641e+00,7.22362e-01,4.77050e-01,1.63557e+02,7.39429e+00,2.58093e-01,6.16931e-01,3.86052e+01
6.28588e-01,4.65801e+01,1.81193e-01,6.53075e+02,2.21584e-01,5.42704e-01,2.81802e+00,4.70100e+01,2.03199e+00,2.18173e+02,3.42981e-01,3.87465e+02,3.01204e+00,7.12033e-01,4.69973e-01,1.55486e+02,7.03240e+00,2.57870e-01,6.00958e-01,3.66970e+01
6.19863e-01,4.62388e+01,1.81209e-01,6.47255e+02,2.21237e-01,5.29150e-01,2.71357e+00,4.71226e+01,1.99160e+00,2.07623e+02,3.31510e-01,3.79858e+02,2.90591e+00,7.02567e-01,4.63600e-01,1.47797e+02,6.69377e+00,2.57659e-01,5.85955e-01,3.48916e+01
6.11843e-01,4.59024e+01,1.81224e-01,6.30789e+02,2.20897e-01,5.16750e-01,2.61604e+00,4.67720e+01,1.95523e+00,1.97706e+02,3.20371e-01,3.71499e+02,2.80756e+00,6.93891e-01,4.57901e-01,1.39620e+02,6.37652e+00,2.57493e-01,5.71904e-01,3.31832e+01
6.04467e-01,4.55663e+01,1.81241e-01,6.12929e+02,2.20553e-01,5.05395e-01,2.52489e+00,4.61582e+01,1.92238e+00,1.88290e+02,3.09588e-01,3.62184e+02,2.71642e+00,6.85947e-01,4.52775e-01,1.32362e+02,6.07878e+00,2.57329e-01,5.58664e-01,3.15653e+01
5.97665e-01,4.52302e+01,1.81241e-01,5.97058e+02,2.20203e-01,4.95021e-01,2.43964e+00,4.54270e+01,1.89274e+00,1.79312e+02,2.99188e-01,3.52021e+02,2.63203e+00,6.78693e-01,4.48181e-01,1.26511e+02,5.79934e+00,2.57171e-01,5.46252e-01,3.00341e+01
5.91399e-01,4.48980e+01,1.81237e-01,5.80319e+02,2.19848e-01,4.85590e-01,2.35992e+00,4.46617e+01,1.86598e+00,1.70799e+02,2.89204e-01,3.41308e+02,2.55396e+00,6.72090e-01,4.44058e-01,1.21200e+02,5.53646e+00,2.57020e-01,5.34538e-01,2.85844e+01
5.85625e-01,4.45751e+01,1.81220e-01,5.61599e+02,2.19485e-01,4.77005e-01,2.28497e+00,4.38835e+01,1.84168e+00,1.62780e+02,2.79622e-01,3.30345e+02,2.48178e+00,6.66061e-01,4.40370e-01,1.16207e+02,5.28913e+00,2.56865e-01,5.23561e-01,2.72117e+01
5.80324e-01,4.42684e+01,1.81184e-01,5.41197e+02,2.19124e-01,4.69212e-01,2.21440e+00,4.30725e+01,1.81954e+00,1.55207e+02,2.70461e-01,3.19320e+02,2.41503e+00,6.60615e-01,4.37042e-01,1.11205e+02,5.05633e+00,2.56710e-01,5.13209e-01,2.59119e+01
5.75407e-01,4.39842e+01,1.81157e-01,5.21190e+02,2.18752e-01,4.62136e-01,2.14772e+00,4.21883e+01,1.79929e+00,1.48005e+02,2.61700e-01,3.08320e+02,2.35330e+00,6.55687e-01,4.34047e-01,1.06279e+02,4.83701e+00,2.56538e-01,5.03493e-01,2.46817e+01
5.70893e-01,4.37278e+01,1.81125e-01,5.02798e+02,2.18381e-01,4.55724e-01,2.08446e+00,4.12025e+01,1.78064e+00,1.41221e+02,2.53348e-01,2.97404e+02,2.29613e+00,6.51222e-01,4.31357e-01,1.01513e+02,4.63044e+00,2.56364e-01,4.94321e-01,2.35177e+01
5.66718e-01,4.35030e+01,1.81083e-01,4.84308e+02,2.18011e-01,4.49938e-01,2.02427e+00,4.01197e+01,1.76337e+00,1.34929e+02,2.45412e-01,2.86640e+02,2.24318e+00,6.47198e-01,4.28918e-01,9.69180e+01,4.43582e+00,2.56186e-01,4.85702e-01,2.24163e+01
5.62862e-01,4.33102e+01,1.81037e-01,4.65737e+02,2.17648e-01,4.44724e-01,1.96674e+00,3.89690e+01,1.74729e+00,1.29084e+02,2.37877e-01,2.76107e+02,2.19403e+00,6.43575e-01,4.26722e-01,9.28021e+01,4.25247e+00,2.56003e-01,4.77564e-01,2.13741e+01
5.59287e-01,4.31449e+01,1.80994e-01,4.48529e+02,2.17285e-01,4.40036e-01,1.91171e+00,3.77848e+01,1.73215e+00,1.23571e+02,2.30745e-01,2.65901e+02,2.14834e+00,6.40324e-01,4.24742e-01,8.88907e+01,4.07977e+00,2.55809e-01,4.69912e-01,2.03883e+01
5.55967e-01,4.30007e+01,1.80946e-01,4.30496e+02,2.16910e-01,4.35810e-01,1.85884e+00,3.65894e+01,1.71779e+00,1.18320e+02,2.23986e-01,2.56088e+02,2.10572e+00,6.37388e-01,4.22946e-01,8.53329e+01,3.91706e+00,2.55607e-01,4.62654e-01,1.94549e+01
5.52879e-01,4.28722e+01,1.80883e-01,4.13662e+02,2.16508e-01,4.32004e-01,1.80805e+00,3.53937e+01,1.70407e+00,1.13312e+02,2.17603e-01,2.46714e+02,2.06595e+00,6.34740e-01,4.21323e-01,8.21422e+01,3.76389e+00,2.55394e-01,4.55828e-01,1.85727e+01
5.50010e-01,4.28252e+01,1.80810e-01,3.99144e+02,2.16090e-01,4.28629e-01,1.75918e+00,3.42011e+01,1.69095e+00,1.08536e+02,2.11576e-01,2.37790e+02,2.02866e+00,6.32338e-01,4.19848e-01,7.91585e+01,3.61969e+00,2.55161e-01,4.49397e-01,1.77377e+01
5.47327e-01,4.44671e+01,1.80723e-01,3.84998e+02,2.15668e-01,4.25618e-01,1.71208e+00,3.30169e+01,1.67834e+00,1.03967e+02,2.05914e-01,2.29286e+02,1.99359e+00,6.30166e-01,4.18514e-01,7.63218e+01,3.48408e+00,2.54909e-01,4.43287e-01,1.69482e+01
5.44830e-01,8.25943e+01,1.80614e-01,3.71185e+02,2.15239e-01,4.22938e-01,1.66670e+00,3.18469e+01,1.66613e+00,9.95833e+01,2.00589e-01,2.21178e+02,1.96059e+00,6.28201e-01,4.17306e-01,7.36046e+01,3.35635e+00,2.54630e-01,4.37556e-01,1.62007e+01
5.42507e-01,1.96460e+02,1.80489e-01,3.57679e+02,2.14808e-01,4.20546e-01,1.62301e+00,3.06998e+01,1.65441e+00,9.53859e+01,1.95574e-01,2.13449e+02,1.92940e+00,6.26442e-01,4.16206e-01,7.09777e+01,3.23628e+00,2.54343e-01,4.32156e-01,1.54941e+01
5.40333e-01,3.23070e+02,1.80364e-01,3.43763e+02,2.14369e-01,4.18410e-01,1.58095e+00,2.95837e+01,1.64308e+00,9.13732e+01,1.90865e-01,2.06084e+02,1.89989e+00,6.24832e-01,4.15193e-01,6.83477e+01,3.12335e+00,2.54045e-01,4.27073e-01,1.48255e+01
5.38296e-01,4.31156e+02,1.80237e-01,3.30116e+02,2.13931e-01,4.16528e-01,1.54045e+00,2.85045e+01,1.63217e+00,8.75314e+01,1.86451e-01,1.99070e+02,1.87190e+00,6.23383e-01,4.14272e-01,6.56119e+01,3.01719e+00,2.53739e-01,4.22278e-01,1.41935e+01
5.36404e-01,5.05128e+02,1.80107e-01,3.15600e+02,2.13491e-01,4.14858e-01,1.50148e+00,2.74654e+01,1.62166e+00,8.38639e+01,1.82340e-01,1.92383e+02,1.84532e+00,6.22072e-01,4.13427e-01,6.28373e+01,2.91744e+00,2.53423e-01,4.17805e-01,1.35955e+01
5.34623e-01,5.34230e+02,1.79970e-01,3.01739e+02,2.13050e-01,4.13354e-01,1.46405e+00,2.64663e+01,1.61167e+00,8.04057e+01,1.78501e-01,1.86025e+02,1.82008e+00,6.20874e-01,4.12658e-01,6.01941e+01,2.82376e+00,2.53094e-01,4.13619e-01,1.30304e+01
5.32942e-01,5.43784e+02,1.79834e-01,2.89892e+02,2.12602e-01,4.12026e-01,1.42807e+00,2.55044e+01,1.60212e+00,7.71804e+01,1.74919e-01,1.79985e+02,1.79610e+00,6.19780e-01,4.11942e-01,5.78394e+01,2.73572e+00,2.52753e-01,4.09660e-01,1.24956e+01
5.31342e-01,5.48845e+02,1.79690e-01,2.79441e+02,2.12134e-01,4.10820e-01,1.39357e+00,2.45810e+01,1.59313e+00,7.41753e+01,1.71576e-01,1.74262e+02,1.77328e+00,6.18778e-01,4.11284e-01,5.56912e+01,2.65320e+00,2.52395e-01,4.05962e-01,1.19900e+01
5.29847e-01,5.44713e+02,1.79533e-01,2.69978e+02,2.11649e-01,4.09786e-01,1.36056e+00,2.36944e+01,1.58469e+00,7.13581e+01,1.68471e-01,1.68849e+02,1.75160e+00,6.17842e-01,4.10681e-01,5.36205e+01,2.57558e+00,2.52028e-01,4.02506e-01,1.15116e+01
5.28418e-01,5.39385e+02,1.79356e-01,2.60833e+02,2.11153e-01,4.08842e-01,1.32897e+00,2.28437e+01,1.57673e+00,6.86966e+01,1.65604e-01,1.63708e+02,1.73103e+00,6.16969e-01,4.10131e-01,5.15589e+01,2.50282e+00,2.51642e-01,3.99287e-01,1.10594e+01
5.27065e-01,5.34875e+02,1.79157e-01,2.51572e+02,2.10651e-01,4.07992e-01,1.29879e+00,2.20290e+01,1.56938e+00,6.61630e+01,1.62939e-01,1.58822e+02,1.71152e+00,6.16162e-01,4.09623e-01,4.95570e+01,2.43454e+00,2.51239e-01,3.96250e-01,1.06314e+01
5.25782e-01,5.35763e+02,1.78942e-01,2.42352e+02,2.10151e-01,4.07244e-01,1.27002e+00,2.12501e+01,1.56262e+00,6.37345e+01,1.60480e-01,1.54204e+02,1.69304e+00,6.15431e-01,4.09146e-01,4.76260e+01,2.37044e+00,2.50820e-01,3.93462e-01,1.02259e+01
5.24567e-01,5.34218e+02,1.78725e-01,2.33708e+02,2.09646e-01,4.06560e-01,1.24262e+00,2.05063e+01,1.55642e+00,6.13961e+01,1.58191e-01,1.50119e+02,1.67557e+00,6.14721e-01,4.08695e-01,4.57988e+01,2.31033e+00,2.50389e-01,3.90869e-01,9.84214e+00
5.23423e-01,5.36435e+02,1.78508e-01,2.25251e+02,2.09142e-01,4.05912e-01,1.21657e+00,1.97971e+01,1.55074e+00,5.91402e+01,1.56084e-01,1.48457e+02,1.65907e+00,6.14053e-01,4.08274e-01,4.40915e+01,2.25398e+00,2.49950e-01,3.88469e-01,9.47873e+00
5.22318e-01,5.34355e+02,1.78281e-01,2.16865e+02,2.08631e-01,4.05341e-01,1.19182e+00,1.91205e+01,1.54562e+00,5.69682e+01,1.54140e-01,1.58164e+02,1.64351e+00,6.13417e-01,4.07880e-01,4.24539e+01,2.20111e+00,2.49503e-01,3.86251e-01,9.13436e+00
5.21250e-01,5.25441e+02,1.78050e-01,2.08912e+02,2.08122e-01,4.04780e-01,1.16833e+00,1.84741e+01,1.54101e+00,5.48848e+01,1.52359e-01,1.97851e+02,1.62881e+00,6.12808e-01,4.07511e-01,4.08583e+01,2.15157e+00,2.49042e-01,3.84206e-01,8.80800e+00
5.20229e-01,5.13032e+02,1.77818e-01,2.01690e+02,2.07606e-01,4.04265e-01,1.14606e+00,1.78544e+01,1.53689e+00,5.28895e+01,1.50715e-01,2.69090e+02,1.61504e+00,6.12228e-01,4.07153e-01,3.93398e+01,2.10517e+00,2.48573e-01,3.82292e-01,8.49817e+00
5.19235e-01,5.00271e+02,1.77583e-01,1.95048e+02,2.07066e-01,4.03782e-01,1.12497e+00,1.72595e+01,1.53321e+00,5.09811e+01,1.49205e-01,3.51873e+02,1.60206e+00,6.11668e-01,4.06815e-01,3.79184e+01,2.06175e+00,2.48092e-01,3.80502e-01,8.20473e+00
5.18268e-01,4.89185e+02,1.77339e-01,1.88756e+02,2.06514e-01,4.03312e-01,1.10510e+00,1.66882e+01,1.52997e+00,4.91547e+01,1.47815e-01,4.28350e+02,1.58994e+00,6.11106e-01,4.06487e-01,3.65770e+01,2.02109e+00,2.47605e-01,3.78877e-01,7.92632e+00
5.17333e-01,4.77920e+02,1.77075e-01,1.82723e+02,2.05965e-01,4.02881e-01,1.08633e+00,1.61384e+01,1.52703e+00,4.74086e+01,1.46541e-01,4.85597e+02,1.57854e+00,6.10563e-01,4.06173e-01,3.52930e+01,1.98308e+00,2.47100e-01,3.77399e-01,7.66216e+00
5.16429e-01,4.65915e+02,1.76793e-01,1.76930e+02,2.05407e-01,4.02449e-01,1.06864e+00,1.56099e+01,1.52451e+00,4.57427e+01,1.45389e-01,5.18372e+02,1.56788e+00,6.10017e-01,4.05885e-01,3.40449e+01,1.94753e+00,2.46577e-01,3.76016e-01,7.41119e+00
5.15564e-01,4.53118e+02,1.76502e-01,1.71373e+02,2.04847e-01,4.02042e-01,1.05200e+00,1.51030e+01,1.52224e+00,4.41580e+01,1.44335e-01,5.33286e+02,1.55787e+00,6.09496e-01,4.05590e-01,3.28226e+01,1.91430e+00,2.46038e-01,3.74740e-01,7.17292e+00
5.14721e-01,4.40020e+02,1.76204e-01,1.66043e+02,2.04292e-01,4.01646e-01,1.03638e+00,1.46176e+01,1.52026e+00,4.26532e+01,1.43361e-01,5.39270e+02,1.55030e+00,6.08975e-01,4.05301e-01,3.16411e+01,1.88329e+00,2.45487e-01,3.73576e-01,6.94673e+00
5.13899e-01,4.26556e+02,1.75906e-01,1.60925e+02,2.03736e-01,4.01244e-01,1.02173e+00,1.41545e+01,1.51850e+00,4.12242e+01,1.42467e-01,5.39646e+02,1.59219e+00,6.08439e-01,4.05016e-01,3.05171e+01,1.85436e+00,2.44934e-01,3.72520e-01,6.73174e+00
5.13093e-01,4.13672e+02,1.75605e-01,1.55975e+02,2.03185e-01,4.00846e-01,1.00798e+00,1.37129e+01,1.51686e+00,3.98646e+01,1.41642e-01,5.36076e+02,1.64088e+00,6.07888e-01,4.04731e-01,2.94463e+01,1.82740e+00,2.44385e-01,3.71544e-01,6.52798e+00
5.12300e-01,4.02151e+02,1.75309e-01,1.51090e+02,2.02629e-01,4.00447e-01,9.95095e-01,1.32930e+01,1.51542e+00,3.85691e+01,1.40897e-01,5.31192e+02,1.69748e+00,6.07344e-01,4.04453e-01,2.84136e+01,1.80228e+00,2.43827e-01,3.70636e-01,6.33593e+00
5.11511e-01,3.90903e+02,1.75010e-01,1.46199e+02,2.02067e-01,4.00046e-01,9.83022e-01,1.28933e+01,1.51409e+00,3.73313e+01,1.40204e-01,5.27506e+02,1.75701e+00,6.06809e-01,4.04170e-01,2.74078e+01,1.77887e+00,2.43260e-01,3.69779e-01,6.15455e+00
5.10728e-01,3.79556e+02,1.74701e-01,1.41419e+02,2.01494e-01,3.99639e-01,9.71713e-01,1.25126e+01,1.51285e+00,3.61475e+01,1.39583e-01,5.25973e+02,1.76025e+00,6.06271e-01,4.03891e-01,2.64306e+01,1.75718e+00,2.42688e-01,3.68969e-01,5.98191e+00
5.09952e-01,3.67975e+02,1.74383e-01,1.36848e+02,2.00914e-01,3.99233e-01,9.61178e-01,1.21499e+01,1.51171e+00,3.50142e+01,1.39009e-01,5.25386e+02,1.73066e+00,6.05715e-01,4.03611e-01,2.54822e+01,1.73702e+00,2.42107e-01,3.68266e-01,5.81681e+00
5.09190e-01,3.57343e+02,1.74052e-01,1.32539e+02,2.00332e-01,3.98829e-01,9.51329e-01,1.18034e+01,1.51060e+00,3.39289e+01,1.38475e-01,5.25651e+02,1.69522e+00,6.05150e-01,4.03334e-01,2.45581e+01,1.71834e+00,2.41515e-01,3.67568e-01,5.65898e+00
5.08449e-01,3.47179e+02,1.73712e-01,1.28342e+02,1.99747e-01,3.98420e-01,9.42123e-01,1.14722e+01,1.50954e+00,3.28881e+01,1.37998e-01,5.25118e+02,1.66099e+00,6.04561e-01,4.03063e-01,2.36591e+01,1.70103e+00,2.40909e-01,3.66896e-01,5.50837e+00
5.07701e-01,3.36206e+02,1.73357e-01,1.24168e+02,1.99152e-01,3.98013e-01,9.33562e-01,1.11548e+01,1.50852e+00,3.18896e+01,1.37546e-01,5.20977e+02,1.63318e+00,6.03970e-01,4.02781e-01,2.27937e+01,1.68498e+00,2.40282e-01,3.66286e-01,5.36483e+00
5.06962e-01,3.25348e+02,1.72992e-01,1.20217e+02,1.98559e-01,3.97600e-01,9.25587e-01,1.08503e+01,1.50749e+00,3.09306e+01,1.37130e-01,5.13060e+02,1.61621e+00,6.03373e-01,4.02499e-01,2.19699e+01,1.67016e+00,2.39651e-01,3.65703e-01,5.22812e+00
5.06230e-01,3.16370e+02,1.72634e-01,1.16575e+02,1.97984e-01,3.97178e-01,9.18171e-01,1.05581e+01,1.50644e+00,3.00093e+01,1.36737e-01,5.02886e+02,1.61285e+00,6.02762e-01,4.02203e-01,2.11893e+01,1.65645e+00,2.39015e-01,3.65161e-01,5.09801e+00
5.05510e-01,3.07714e+02,1.72281e-01,1.13098e+02,1.97410e-01,3.96743e-01,9.11247e-01,1.02778e+01,1.50536e+00,2.91231e+01,1.36372e-01,4.92400e+02,1.62542e+00,6.02125e-01,4.01910e-01,2.04518e+01,1.64379e+00,2.38381e-01,3.64601e-01,4.97431e+00
5.04795e-01,2.98993e+02,1.71928e-01,1.09687e+02,1.96837e-01,3.96306e-01,9.04815e-01,1.00088e+01,1.50426e+00,2.82708e+01,1.36033e-01,4.82438e+02,1.65681e+00,6.01476e-01,4.01612e-01,1.97534e+01,1.63212e+00,2.37739e-01,3.64082e-01,4.85680e+00
5.04096e-01,2.90425e+02,1.71561e-01,1.06323e+02,1.96252e-01,3.95869e-01,8.98806e-01,9.75000e+00,1.50313e+00,2.74508e+01,1.35718e-01,4.72590e+02,1.70971e+00,6.00828e-01,4.01309e-01,1.90888e+01,1.62136e+00,2.37089e-01,3.63551e-01,4.74479e+00
5.03419e-01,2.82175e+02,1.71183e-01,1.02940e+02,1.95663e-01,3.95418e-01,8.93205e-01,9.50137e+00,1.50197e+00,2.66625e+01,1.35421e-01,4.62356e+02,1.78481e+00,6.00172e-01,4.00995e-01,1.84545e+01,1.61146e+00,2.36429e-01,3.63035e-01,4.63798e+00
5.02772e-01,2.74097e+02,1.70808e-01,9.95709e+01,1.95065e-01,3.94950e-01,8.88017e-01,9.26282e+00,1.50075e+00,2.59056e+01,1.35140e-01,4.51530e+02,1.87917e+00,5.99484e-01,4.00669e-01,1.78478e+01,1.60234e+00,2.35768e-01,3.62548e-01,4.53602e+00
5.02139e-01,2.65654e+02,1.70431e-01,9.64104e+01,1.94473e-01,3.94486e-01,8.83193e-01,9.03301e+00,1.49950e+00,2.51793e+01,1.34879e-01,4.40216e+02,1.98694e+00,5.98785e-01,4.00344e-01,1.72682e+01,1.59396e+00,2.35095e-01,3.62048e-01,4.43861e+00
5.01525e-01,2.57598e+02,1.70041e-01,9.35587e+01,1.93870e-01,3.94023e-01,8.78679e-01,8.81173e+00,1.49819e+00,2.44830e+01,1.34629e-01,4.28627e+02,2.10133e+00,5.98071e-01,4.00013e-01,1.67155e+01,1.58625e+00,2.34423e-01,3.61553e-01,4.34553e+00
5.00888e-01,2.49688e+02,1.69625e-01,9.09567e+01,1.93257e-01,3.93553e-01,8.74488e-01,8.59874e+00,1.49684e+00,2.38152e+01,1.34388e-01,4.17062e+02,2.21633e+00,5.97329e-01,3.99677e-01,1.61873e+01,1.57913e+00,2.33742e-01,3.61069e-01,4.25634e+00
5.00223e-01,2.41105e+02,1.69209e-01,8.85213e+01,1.92658e-01,3.93078e-01,8.70594e-01,8.39324e+00,1.49541e+00,2.31750e+01,1.34155e-01,4.05974e+02,2.32703e+00,5.96588e-01,3.99336e-01,1.56820e+01,1.57254e+00,2.33050e-01,3.60588e-01,4.17109e+00
4.99533e-01,2.32763e+02,1.68804e-01,8.61866e+01,1.92063e-01,3.92584e-01,8.66976e-01,8.19507e+00,1.49394e+00,2.25616e+01,1.33922e-01,3.95543e+02,2.42955e+00,5.95818e-01,3.98982e-01,1.51967e+01,1.56648e+00,2.32360e-01,3.60098e-01,4.08973e+00
4.98826e-01,2.25759e+02,1.68402e-01,8.39055e+01,1.91479e-01,3.92080e-01,8.63601e-01,8.00410e+00,1.49239e+00,2.19739e+01,1.33699e-01,3.85502e+02,2.52143e+00,5.95014e-01,3.98622e-01,1.47295e+01,1.56086e+00,2.31673e-01,3.59603e-01,4.01224e+00
4.98086e-01,2.19360e+02,1.68000e-01,8.16414e+01,1.90893e-01,3.91574e-01,8.60443e-01,7.81975e+00,1.49078e+00,2.14107e+01,1.33486e-01,3.75551e+02,2.60265e+00,5.94190e-01,3.98248e-01,1.42792e+01,1.55564e+00,2.30986e-01,3.59106e-01,3.93835e+00
4.97328e-01,2.13460e+02,1.67592e-01,7.93740e+01,1.90299e-01,3.91067e-01,8.57490e-01,7.64161e+00,1.48912e+00,2.08710e+01,1.33282e-01,3.65626e+02,2.67593e+00,5.93367e-01,3.97872e-01,1.38440e+01,1.55080e+00,2.30295e-01,3.58592e-01,3.86785e+00
4.96561e-01,2.08026e+02,1.67172e-01,7.71258e+01,1.89692e-01,3.90549e-01,8.54726e-01,7.47011e+00,1.48741e+00,2.03543e+01,1.33083e-01,3.55957e+02,2.74524e+00,5.92526e-01,3.97483e-01,1.34239e+01,1.54628e+00,2.29603e-01,3.58073e-01,3.80093e+00
4.95804e-01,2.02761e+02,1.66754e-01,7.49122e+01,1.89077e-01,3.90016e-01,8.52142e-01,7.30455e+00,1.48562e+00,1.98599e+01,1.32890e-01,3.46676e+02,2.81351e+00,5.91663e-01,3.97084e-01,1.30185e+01,1.54206e+00,2.28908e-01,3.57570e-01,3.73727e+00
4.95108e-01,1.97532e+02,1.66331e-01,7.27358e+01,1.88469e-01,3.89484e-01,8.49743e-01,7.14484e+00,1.48378e+00,1.93866e+01,1.32694e-01,3.37519e+02,2.88065e+00,5.90797e-01,3.96684e-01,1.26271e+01,1.53812e+00,2.28205e-01,3.57064e-01,3.67672e+00
4.94477e-01,1.92219e+02,1.65911e-01,7.06209e+01,1.87865e-01,3.88961e-01,8.47486e-01,6.99098e+00,1.48190e+00,1.89343e+01,1.32505e-01,3.28334e+02,2.94343e+00,5.89908e-01,3.96277e-01,1.22491e+01,1.53444e+00,2.27501e-01,3.56511e-01,3.61911e+00
4.93923e-01,1.86839e+02,1.65475e-01,6.85941e+01,1.87258e-01,3.88433e-01,8.45380e-01,6.84248e+00,1.47995e+00,1.85016e+01,1.32323e-01,3.19478e+02,2.99650e+00,5.89002e-01,3.95857e-01,1.18840e+01,1.53096e+00,2.26790e-01,3.55991e-01,3.56453e+00
4.93458e-01,1.81780e+02,1.65025e-01,6.66573e+01,1.86659e-01,3.87889e-01,8.43414e-01,6.69980e+00,1.47794e+00,1.80876e+01,1.32142e-01,3.11332e+02,3.03443e+00,5.88104e-01,3.95429e-01,1.15314e+01,1.52765e+00,2.26078e-01,3.55463e-01,3.51272e+00
4.93118e-01,1.77029e+02,1.64581e-01,6.48033e+01,1.86060e-01,3.87331e-01,8.41567e-01,6.56216e+00,1.47588e+00,1.76916e+01,1.31959e-01,3.03739e+02,3.05330e+00,5.87193e-01,3.94993e-01,1.11904e+01,1.52450e+00,2.25369e-01,3.54926e-01,3.46346e+00
4.92895e-01,1.72273e+02,1.64148e-01,6.30342e+01,1.85461e-01,3.86770e-01,8.39822e-01,6.42989e+00,1.47375e+00,1.73126e+01,1.31779e-01,2.96355e+02,3.05135e+00,5.86280e-01,3.94551e-01,1.08609e+01,1.52149e+00,2.24656e-01,3.54373e-01,3.41685e+00
4.92812e-01,1.67487e+02,1.63712e-01,6.13644e+01,1.84870e-01,3.86205e-01,8.38180e-01,6.30251e+00,1.47156e+00,1.69496e+01,1.31600e-01,2.89065e+02,3.02906e+00,5.85370e-01,3.94109e-01,1.05425e+01,1.51860e+00,2.23949e-01,3.53808e-01,3.37268e+00
4.92833e-01,1.62850e+02,1.63277e-01,5.97846e+01,1.84281e-01,3.85636e-01,8.36620e-01,6.17998e+00,1.46934e+00,1.66009e+01,1.31418e-01,2.81892e+02,2.98874e+00,5.84471e-01,3.93653e-01,1.02352e+01,1.51582e+00,2.23242e-01,3.53226e-01,3.33075e+00
4.92963e-01,1.58484e+02,1.62831e-01,5.82809e+01,1.83692e-01,3.85051e-01,8.35132e-01,6.06214e+00,1.46708e+00,1.62666e+01,1.31240e-01,2.74853e+02,2.93343e+00,5.83599e-01,3.93183e-01,9.93866e+00,1.51312e+00,2.22535e-01,3.52635e-01,3.29118e+00
4.93185e-01,1.54495e+02,1.62384e-01,5.68402e+01,1.83090e-01,3.84463e-01,8.33716e-01,5.94867e+00,1.46475e+00,1.59461e+01,1.31062e-01,2.67869e+02,2.86672e+00,5.82736e-01,3.92698e-01,9.65279e+00,1.51050e+00,2.21824e-01,3.52062e-01,3.25381e+00
4.93478e-01,1.50766e+02,1.61938e-01,5.54483e+01,1.82485e-01,3.83881e-01,8.32377e-01,5.83994e+00,1.46239e+00,1.56379e+01,1.30880e-01,2.60889e+02,2.79209e+00,5.81896e-01,3.92209e-01,9.37764e+00,1.50798e+00,2.21105e-01,3.51484e-01,3.21837e+00
4.93831e-01,1.47183e+02,1.61494e-01,5.41008e+01,1.81894e-01,3.83299e-01,8.31090e-01,5.73528e+00,1.45999e+00,1.53420e+01,1.30699e-01,2.54005e+02,2.71265e+00,5.81057e-01,3.91721e-01,9.11307e+00,1.50554e+00,2.20382e-01,3.50870e-01,3.18509e+00
4.94189e-01,1.43706e+02,1.61037e-01,5.27862e+01,1.81291e-01,3.82710e-01,8.29875e-01,5.63483e+00,1.45753e+00,1.50582e+01,1.30526e-01,2.47194e+02,2.63098e+00,5.80215e-01,3.91224e-01,8.85876e+00,1.50313e+00,2.19658e-01,3.50271e-01,3.15367e+00
4.94488e-01,1.40327e+02,1.60571e-01,5.14972e+01,1.80688e-01,3.82107e-01,8.28700e-01,5.53834e+00,1.45502e+00,1.47855e+01,1.30354e-01,2.40349e+02,2.54909e+00,5.79378e-01,3.90717e-01,8.61425e+00,1.50077e+00,2.18934e-01,3.49665e-01,3.12415e+00
4.94692e-01,1.37046e+02,1.60101e-01,5.02185e+01,1.80108e-01,3.81499e-01,8.27577e-01,5.44582e+00,1.45248e+00,1.45231e+01,1.30177e-01,2.33601e+02,2.46853e+00,5.78536e-01,3.90205e-01,8.37945e+00,1.49839e+00,2.18214e-01,3.49038e-01,3.09660e+00
4.94764e-01,1.33862e+02,1.59641e-01,4.89393e+01,1.79530e-01,3.80888e-01,8.26474e-01,5.35689e+00,1.44987e+00,1.42706e+01,1.29995e-01,2.27280e+02,2.39043e+00,5.77681e-01,3.89678e-01,8.15399e+00,1.49609e+00,2.17503e-01,3.48412e-01,3.07078e+00
4.94653e-01,1.30773e+02,1.59194e-01,4.76546e+01,1.78958e-01,3.80273e-01,8.25414e-01,5.27173e+00,1.44722e+00,1.40278e+01,1.29811e-01,2.21531e+02,2.31552e+00,5.76800e-01,3.89149e-01,7.93749e+00,1.49379e+00,2.16793e-01,3.47781e-01,3.04686e+00
4.94336e-01,1.27773e+02,1.58739e-01,4.63718e+01,1.78377e-01,3.79650e-01,8.24367e-01,5.18997e+00,1.44452e+00,1.37938e+01,1.29626e-01,2.16247e+02,2.24436e+00,5.75873e-01,3.88615e-01,7.72966e+00,1.49153e+00,2.16084e-01,3.47131e-01,3.02469e+00
4.93775e-01,1.24861e+02,1.58273e-01,4.51107e+01,1.77787e-01,3.79009e-01,8.23333e-01,5.11149e+00,1.44180e+00,1.35684e+01,1.29445e-01,2.11308e+02,2.17726e+00,5.74895e-01,3.88068e-01,7.53004e+00,1.48928e+00,2.15382e-01,3.46476e-01,3.00441e+00
4.92966e-01,1.22025e+02,1.57806e-01,4.38928e+01,1.77188e-01,3.78365e-01,8.22342e-01,5.03643e+00,1.43906e+00,1.33508e+01,1.29263e-01,2.06614e+02,2.11439e+00,5.73874e-01,3.87505e-01,7.33842e+00,1.48704e+00,2.14679e-01,3.45840e-01,2.98588e+00
4.91929e-01,1.19239e+02,1.57339e-01,4.27361e+01,1.76601e-01,3.77734e-01,8.21374e-01,4.96467e+00,1.43627e+00,1.31410e+01,1.29080e-01,2.02052e+02,2.05582e+00,5.72790e-01,3.86942e-01,7.15432e+00,1.48484e+00,2.13976e-01,3.45198e-01,2.96910e+00
4.90663e-01,1.16453e+02,1.56882e-01,4.16421e+01,1.76026e-01,3.77094e-01,8.20389e-01,4.89586e+00,1.43345e+00,1.29389e+01,1.28895e-01,1.97541e+02,2.00163e+00,5.71653e-01,3.86377e-01,6.97747e+00,1.48266e+00,2.13271e-01,3.44534e-01,2.95418e+00
4.89195e-01,1.13637e+02,1.56424e-01,4.06034e+01,1.75433e-01,3.76457e-01,8.19444e-01,4.83019e+00,1.43060e+00,1.27439e+01,1.28712e-01,1.93025e+02,1.95168e+00,5.70444e-01,3.85798e-01,6.80758e+00,1.48049e+00,2.12566e-01,3.43882e-01,2.94092e+00
4.87548e-01,1.10850e+02,1.55956e-01,3.96038e+01,1.74845e-01,3.75806e-01,8.18481e-01,4.76721e+00,1.42771e+00,1.25555e+01,1.28537e-01,1.88518e+02,1.90588e+00,5.69206e-01,3.85210e-01,6.64439e+00,1.47833e+00,2.11855e-01,3.43198e-01,2.92948e+00
4.85785e-01,1.08140e+02,1.55485e-01,3.86334e+01,1.74273e-01,3.75144e-01,8.17558e-01,4.70715e+00,1.42481e+00,1.23738e+01,1.28352e-01,1.84086e+02,1.86407e+00,5.67919e-01,3.84625e-01,6.48744e+00,1.47614e+00,2.11152e-01,3.42521e-01,2.91992e+00
4.83925e-01,1.05531e+02,1.55018e-01,3.76847e+01,1.73701e-01,3.74474e-01,8.16609e-01,4.64976e+00,1.42186e+00,1.21986e+01,1.28162e-01,1.79798e+02,1.82607e+00,5.66614e-01,3.84040e-01,6.33658e+00,1.47398e+00,2.10456e-01,3.41850e-01,2.91228e+00
4.82031e-01,1.03051e+02,1.54565e-01,3.67588e+01,1.73141e-01,3.73811e-01,8.15688e-01,4.59519e+00,1.41888e+00,1.20295e+01,1.27969e-01,1.75653e+02,1.79168e+00,5.65289e-01,3.83450e-01,6.19159e+00,1.47180e+00,2.09758e-01,3.41165e-01,2.90688e+00
4.80102e-01,1.00634e+02,1.54110e-01,3.58573e+01,1.72584e-01,3.73143e-01,8.14742e-01,4.54299e+00,1.41586e+00,1.18663e+01,1.27773e-01,1.71582e+02,1.76063e+00,5.63943e-01,3.82845e-01,6.05213e+00,1.46961e+00,2.09064e-01,3.40477e-01,2.90377e+00
4.78176e-01,9.81896e+01,1.53642e-01,3.49849e+01,1.72016e-01,3.72465e-01,8.13786e-01,4.49306e+00,1.41284e+00,1.17087e+01,1.27579e-01,1.67573e+02,1.73272e+00,5.62589e-01,3.82226e-01,5.91791e+00,1.46741e+00,2.08378e-01,3.39790e-01,2.90336e+00
4.76280e-01,9.57481e+01,1.53185e-01,3.41422e+01,1.71445e-01,3.71790e-01,8.12833e-01,4.44597e+00,1.40979e+00,1.15567e+01,1.27389e-01,1.63659e+02,1.70759e+00,5.61222e-01,3.81607e-01,5.78890e+00,1.46522e+00,2.07688e-01,3.39104e-01,2.90583e+00
4.74432e-01,9.34340e+01,1.52722e-01,3.33327e+01,1.70868e-01,3.71106e-01,8.11876e-01,4.40075e+00,1.40671e+00,1.14103e+01,1.27197e-01,1.59906e+02,1.68500e+00,5.59858e-01,3.80980e-01,5.66490e+00,1.46304e+00,2.06989e-01,3.38408e-01,2.91168e+00
4.72654e-01,9.12825e+01,1.52253e-01,3.25528e+01,1.70302e-01,3.70426e-01,8.10905e-01,4.35802e+00,1.40362e+00,1.12688e+01,1.26997e-01,1.56350e+02,1.66482e+00,5.58495e-01,3.80348e-01,5.54551e+00,1.46087e+00,2.06297e-01,3.37708e-01,2.92082e+00
4.70953e-01,8.92242e+01,1.51781e-01,3.17992e+01,1.69746e-01,3.69752e-01,8.09933e-01,4.31729e+00,1.40052e+00,1.11323e+01,1.26801e-01,1.52992e+02,1.64670e+00,5.57141e-01,3.79716e-01,5.43067e+00,1.45868e+00,2.05605e-01,3.37016e-01,2.93319e+00
4.69323e-01,8.71871e+01,1.51305e-01,3.10704e+01,1.69183e-01,3.69063e-01,8.08958e-01,4.27871e+00,1.39738e+00,1.10007e+01,1.26608e-01,1.49798e+02,1.63036e+00,5.55776e-01,3.79075e-01,5.32017e+00,1.45649e+00,2.04915e-01,3.36309e-01,2.94867e+00
4.67775e-01,8.51590e+01,1.50834e-01,3.03648e+01,1.68631e-01,3.68367e-01,8.07976e-01,4.24203e+00,1.39423e+00,1.08737e+01,1.26412e-01,1.46714e+02,1.61562e+00,5.54434e-01,3.78428e-01,5.21380e+00,1.45428e+00,2.04229e-01,3.35605e-01,2.96665e+00
4.66303e-01,8.31500e+01,1.50364e-01,2.96848e+01,1.68083e-01,3.67675e-01,8.06983e-01,4.20735e+00,1.39106e+00,1.07510e+01,1.26209e-01,1.43723e+02,1.60227e+00,5.53101e-01,3.77782e-01,5.11138e+00,1.45208e+00,2.03549e-01,3.34909e-01,2.98629e+00
4.64906e-01,8.11325e+01,1.49906e-01,2.90317e+01,1.67549e-01,3.66972e-01,8.05989e-01,4.17451e+00,1.38785e+00,1.06330e+01,1.25995e-01,1.40807e+02,1.59017e+00,5.51784e-01,3.77136e-01,5.01289e+00,1.44986e+00,2.02865e-01,3.34213e-01,3.00672e+00
4.63573e-01,7.90882e+01,1.49451e-01,2.84025e+01,1.67012e-01,3.66270e-01,8.04971e-01,4.14331e+00,1.38463e+00,1.05190e+01,1.25780e-01,1.37964e+02,1.57916e+00,5.50478e-01,3.76480e-01,4.91805e+00,1.44762e+00,2.02188e-01,3.33498e-01,3.02677e+00
4.62282e-01,7.70751e+01,1.48999e-01,2.77971e+01,1.66468e-01,3.65559e-01,8.03942e-01,4.11383e+00,1.38140e+00,1.04090e+01,1.25570e-01,1.35194e+02,1.56908e+00,5.49168e-01,3.75813e-01,4.82677e+00,1.44538e+00,2.01520e-01,3.32780e-01,3.04550e+00
4.61043e-01,7.51843e+01,1.48544e-01,2.72102e+01,1.65917e-01,3.64847e-01,8.02910e-01,4.08617e+00,1.37814e+00,1.03031e+01,1.25364e-01,1.32493e+02,1.55986e+00,5.47879e-01,3.75136e-01,4.73904e+00,1.44310e+00,2.00852e-01,3.32064e-01,3.06200e+00
4.59848e-01,7.34551e+01,1.48083e-01,2.66393e+01,1.65373e-01,3.64139e-01,8.01873e-01,4.06001e+00,1.37487e+00,1.02009e+01,1.25153e-01,1.29866e+02,1.55135e+00,5.46603e-01,3.74455e-01,4.65471e+00,1.44088e+00,2.00182e-01,3.31356e-01,3.07587e+00
4.58694e-01,7.18611e+01,1.47626e-01,2.60835e+01,1.64838e-01,3.63428e-01,8.00808e-01,4.03524e+00,1.37158e+00,1.01024e+01,1.24939e-01,1.27300e+02,1.54352e+00,5.45327e-01,3.73781e-01,4.57354e+00,1.43865e+00,1.99520e-01,3.30627e-01,3.08691e+00
4.57586e-01,7.03586e+01,1.47177e-01,2.55406e+01,1.64300e-01,3.62724e-01,7.99760e-01,4.01207e+00,1.36826e+00,1.00075e+01,1.24730e-01,1.24797e+02,1.53629e+00,5.44057e-01,3.73097e-01,4.49535e+00,1.43642e+00,1.98861e-01,3.29922e-01,3.09539e+00
4.56483e-01,6.89157e+01,1.46719e-01,2.50109e+01,1.63763e-01,3.62001e-01,7.98677e-01,3.99018e+00,1.36493e+00,9.91598e+00,1.24526e-01,1.22343e+02,1.52956e+00,5.42779e-01,3.72405e-01,4.42023e+00,1.43417e+00,1.98200e-01,3.29183e-01,3.10206e+00
4.55394e-01,6.75125e+01,1.46257e-01,2.44961e+01,1.63237e-01,3.61275e-01,7.97592e-01,3.96955e+00,1.36158e+00,9.82760e+00,1.24316e-01,1.19922e+02,1.52329e+00,5.41509e-01,3.71720e-01,4.34807e+00,1.43191e+00,1.97540e-01,3.28463e-01,3.10795e+00
4.54328e-01,6.61326e+01,1.45795e-01,2.39965e+01,1.62734e-01,3.60551e-01,7.96499e-01,3.95022e+00,1.35823e+00,9.74258e+00,1.24101e-01,1.17518e+02,1.51740e+00,5.40249e-01,3.71034e-01,4.27874e+00,1.42964e+00,1.96882e-01,3.27739e-01,3.11440e+00
4.53284e-01,6.47621e+01,1.45349e-01,2.35111e+01,1.62217e-01,3.59828e-01,7.95392e-01,3.93214e+00,1.35484e+00,9.66067e+00,1.23881e-01,1.15127e+02,1.51186e+00,5.38980e-01,3.70345e-01,4.21212e+00,1.42738e+00,1.96225e-01,3.27018e-01,3.12290e+00
4.52233e-01,6.33879e+01,1.44902e-01,2.30382e+01,1.61685e-01,3.59096e-01,7.94278e-01,3.91504e+00,1.35146e+00,9.58148e+00,1.23659e-01,1.12756e+02,1.50663e+00,5.37704e-01,3.69652e-01,4.14805e+00,1.42509e+00,1.95570e-01,3.26290e-01,3.13506e+00
4.51196e-01,6.20115e+01,1.44451e-01,2.25775e+01,1.61155e-01,3.58359e-01,7.93149e-01,3.89889e+00,1.34808e+00,9.50525e+00,1.23442e-01,1.10428e+02,1.50168e+00,5.36439e-01,3.68947e-01,4.08659e+00,1.42282e+00,1.94929e-01,3.25564e-01,3.15244e+00
4.50151e-01,6.06456e+01,1.44003e-01,2.21278e+01,1.60621e-01,3.57623e-01,7.92003e-01,3.88398e+00,1.34466e+00,9.43178e+00,1.23226e-01,1.08158e+02,1.49698e+00,5.35167e-01,3.68236e-01,4.02774e+00,1.42055e+00,1.94287e-01,3.24849e-01,3.17644e+00
4.49123e-01,5.92966e+01,1.43557e-01,2.16871e+01,1.60099e-01,3.56883e-01,7.90856e-01,3.87009e+00,1.34124e+00,9.36060e+00,1.23009e-01,1.05958e+02,1.49246e+00,5.33907e-01,3.67519e-01,3.97124e+00,1.41830e+00,1.93640e-01,3.24128e-01,3.20822e+00
4.48094e-01,5.79662e+01,1.43114e-01,2.12559e+01,1.59580e-01,3.56149e-01,7.89677e-01,3.85699e+00,1.33783e+00,9.29237e+00,1.22789e-01,1.03814e+02,1.48810e+00,5.32637e-01,3.66805e-01,3.91703e+00,1.41608e+00,1.93001e-01,3.23395e-01,3.24841e+00
4.47070e-01,5.66595e+01,1.42675e-01,2.08341e+01,1.59075e-01,3.55416e-01,7.88503e-01,3.84460e+00,1.33440e+00,9.22651e+00,1.22568e-01,1.01714e+02,1.48390e+00,5.31359e-01,3.66088e-01,3.86517e+00,1.41385e+00,1.92365e-01,3.22671e-01,3.29705e+00
4.46044e-01,5.53871e+01,1.42228e-01,2.04218e+01,1.58571e-01,3.54685e-01,7.87313e-01,3.83311e+00,1.33097e+00,9.16284e+00,1.22351e-01,9.96379e+01,1.47983e+00,5.30084e-01,3.65366e-01,3.81561e+00,1.41164e+00,1.91727e-01,3.21940e-01,3.35360e+00
4.45014e-01,5.41602e+01,1.41775e-01,2.00189e+01,1.58064e-01,3.53946e-01,7.86135e-01,3.82225e+00,1.32751e+00,9.10156e+00,1.22133e-01,9.76023e+01,1.47588e+00,5.28792e-01,3.64643e-01,3.76810e+00,1.40943e+00,1.91091e-01,3.21220e-01,3.41690e+00
4.43981e-01,5.29805e+01,1.41325e-01,1.96263e+01,1.57571e-01,3.53198e-01,7.84933e-01,3.81205e+00,1.32405e+00,9.04243e+00,1.21906e-01,9.56233e+01,1.47200e+00,5.27516e-01,3.63924e-01,3.72268e+00,1.40725e+00,1.90458e-01,3.20498e-01,3.48514e+00
4.42960e-01,5.18440e+01,1.40885e-01,1.92458e+01,1.57070e-01,3.52448e-01,7.83730e-01,3.80258e+00,1.32059e+00,8.98535e+00,1.21677e-01,9.37226e+01,1.46820e+00,5.26227e-01,3.63204e-01,3.67940e+00,1.40510e+00,1.89825e-01,3.19772e-01,3.55612e+00
4.41927e-01,5.07479e+01,1.40455e-01,1.88774e+01,1.56570e-01,3.51703e-01,7.82497e-01,3.79355e+00,1.31714e+00,8.93010e+00,1.21452e-01,9.18899e+01,1.46450e+00,5.24929e-01,3.62482e-01,3.63791e+00,1.40298e+00,1.89200e-01,3.19037e-01,3.62731e+00
4.40897e-01,4.96963e+01,1.40024e-01,1.85221e+01,1.56071e-01,3.50959e-01,7.81260e-01,3.78515e+00,1.31369e+00,8.87706e+00,1.21229e-01,9.01059e+01,1.46084e+00,5.23639e-01,3.61753e-01,3.59844e+00,1.40089e+00,1.88583e-01,3.18311e-01,3.69637e+00
4.39854e-01,4.86932e+01,1.39591e-01,1.81807e+01,1.55567e-01,3.50222e-01,7.80003e-01,3.77714e+00,1.31024e+00,8.82565e+00,1.21006e-01,8.83503e+01,1.45728e+00,5.22351e-01,3.61015e-01,3.56089e+00,1.39884e+00,1.87965e-01,3.17594e-01,3.76086e+00
4.38821e-01,4.77362e+01,1.39155e-01,1.78530e+01,1.55061e-01,3.49483e-01,7.78759e-01,3.76953e+00,1.30678e+00,8.77612e+00,1.20779e-01,8.66130e+01,1.45379e+00,5.21062e-01,3.60271e-01,3.52493e+00,1.39684e+00,1.87347e-01,3.16867e-01,3.81884e+00
4.37779e-01,4.68189e+01,1.38721e-01,1.75381e+01,1.54562e-01,3.48748e-01,7.77508e-01,3.76241e+00,1.30334e+00,8.72837e+00,1.20547e-01,8.48840e+01,1.45032e+00,5.19771e-01,3.59535e-01,3.49081e+00,1.39487e+00,1.86734e-01,3.16154e-01,3.86875e+00
4.36748e-01,4.59345e+01,1.38296e-01,1.72354e+01,1.54071e-01,3.48013e-01,7.76261e-01,3.75564e+00,1.29989e+00,8.68215e+00,1.20318e-01,8.31634e+01,1.44691e+00,5.18475e-01,3.58797e-01,3.45852e+00,1.39293e+00,1.86126e-01,3.15420e-01,3.90947e+00
4.35704e-01,4.50768e+01,1.37861e-01,1.69445e+01,1.53585e-01,3.47280e-01,7.74988e-01,3.74914e+00,1.29642e+00,8.63769e+00,1.20098e-01,8.14566e+01,1.44351e+00,5.17169e-01,3.58056e-01,3.42775e+00,1.39100e+00,1.85517e-01,3.14688e-01,3.94025e+00
4.34660e-01,4.42431e+01,1.37422e-01,1.66648e+01,1.53097e-01,3.46543e-01,7.73713e-01,3.74293e+00,1.29296e+00,8.59478e+00,1.19882e-01,7.97849e+01,1.44018e+00,5.15854e-01,3.57320e-01,3.39861e+00,1.38910e+00,1.84908e-01,3.13966e-01,3.96087e+00
4.33611e-01,4.34283e+01,1.36987e-01,1.63958e+01,1.52630e-01,3.45808e-01,7.72436e-01,3.73691e+00,1.28950e+00,8.55324e+00,1.19652e-01,7.81765e+01,1.43684e+00,5.14561e-01,3.56580e-01,3.37113e+00,1.38721e+00,1.84306e-01,3.13246e-01,3.97143e+00
4.32574e-01,4.26313e+01,1.36566e-01,1.61367e+01,1.52152e-01,3.45068e-01,7.71127e-01,3.73121e+00,1.28605e+00,8.51329e+00,1.19921e-01,7.66516e+01,1.43354e+00,5.13258e-01,3.55846e-01,3.34518e+00,1.38534e+00,1.83703e-01,3.12532e-01,3.97222e+00
4.31535e-01,4.18464e+01,1.36155e-01,1.58869e+01,1.51669e-01,3.44339e-01,7.69823e-01,3.72553e+00,1.28260e+00,8.47462e+00,1.20493e-01,7.52140e+01,1.43028e+00,5.11946e-01,3.55109e-01,3.32071e+00,1.38343e+00,1.83097e-01,3.11798e-01,3.96408e+00
4.30498e-01,4.10672e+01,1.35744e-01,1.56463e+01,1.51189e-01,3.43620e-01,7.68508e-01,3.72022e+00,1.27915e+00,8.43755e+00,1.21100e-01,7.38542e+01,1.42706e+00,5.10640e-01,3.54367e-01,3.29790e+00,1.38149e+00,1.82500e-01,3.11882e-01,3.94744e+00
4.29445e-01,4.02894e+01,1.35329e-01,1.54139e+01,1.50711e-01,3.42895e-01,7.67181e-01,3.71499e+00,1.27759e+00,8.40177e+00,1.21430e-01,7.25568e+01,1.42386e+00,5.09343e-01,3.53615e-01,3.27694e+00,1.38126e+00,1.81910e-01,3.13505e-01,3.92328e+00
4.28405e-01,3.95100e+01,1.34907e-01,1.51896e+01,1.50223e-01,3.42177e-01,7.65855e-01,3.71147e+00,1.27639e+00,8.36749e+00,1.21622e-01,7.13067e+01,1.42067e+00,5.08037e-01,3.52866e-01,3.25795e+00,1.38117e+00,1.81584e-01,3.16088e-01,3.89255e+00
4.27360e-01,3.87276e+01,1.34494e-01,1.49730e+01,1.50192e-01,3.41469e-01,7.64562e-01,3.70933e+00,1.27550e+00,8.33441e+00,1.21723e-01,7.00895e+01,1.41747e+00,5.06740e-01,3.52123e-01,3.24114e+00,1.38095e+00,1.81683e-01,3.22140e-01,3.85614e+00
4.26324e-01,3.79451e+01,1.34090e-01,1.47637e+01,1.50322e-01,3.40778e-01,7.63401e-01,3.70648e+00,1.27515e+00,8.30251e+00,1.21735e-01,6.88940e+01,1.41428e+00,5.05442e-01,3.51376e-01,3.22711e+00,1.38030e+00,1.81436e-01,3.28749e-01,3.81498e+00
4.25280e-01,3.71688e+01,1.33730e-01,1.45622e+01,1.50426e-01,3.43111e-01,7.62938e-01,3.70338e+00,1.27498e+00,8.27152e+00,1.22774e-01,6.77111e+01,1.41111e+00,5.04148e-01,3.51049e-01,3.21613e+00,1.38361e+00,1.81466e-01,3.37088e-01,3.76981e+00
4.24237e-01,3.64072e+01,1.33650e-01,1.43756e+01,1.50619e-01,3.45058e-01,7.62679e-01,3.70011e+00,1.27494e+00,8.24158e+00,1.24990e-01,6.65368e+01,1.40807e+00,5.02878e-01,3.50660e-01,3.20840e+00,1.38666e+00,1.84942e-01,3.45503e-01,3.72229e+00
4.25150e-01,3.57009e+01,1.34622e-01,1.41968e+01,1.50709e-01,3.47575e-01,7.62116e-01,3.69770e+00,1.27760e+00,8.21270e+00,1.27611e-01,6.53713e+01,1.40514e+00,5.02129e-01,3.50385e-01,3.20378e+00,1.38721e+00,1.89130e-01,3.54697e-01,3.67256e+00
4.26797e-01,3.50690e+01,1.36502e-01,1.40156e+01,1.50800e-01,3.49098e-01,7.61089e-01,3.69685e+00,1.28705e+00,8.18467e+00,1.29504e-01,6.42184e+01,1.40230e+00,5.02134e-01,3.50260e-01,3.20191e+00,1.38544e+00,1.94314e-01,3.65114e-01,3.62263e+00
4.28595e-01,3.44005e+01,1.38956e-01,1.38373e+01,1.50850e-01,3.49937e-01,7.59919e-01,3.69652e+00,1.30704e+00,8.15757e+00,1.30920e-01,6.30783e+01,1.39939e+00,5.03150e-01,3.51358e-01,3.20309e+00,1.38257e+00,2.05283e-01,3.77699e-01,3.57248e+00
4.32906e-01,3.37232e+01,1.41708e-01,1.36649e+01,1.50806e-01,3.50361e-01,7.58974e-01,3.69601e+00,1.33794e+00,8.13139e+00,1.31946e-01,6.19543e+01,1.39637e+00,5.05798e-01,3.52235e-01,3.20693e+00,1.37971e+00,2.19690e-01,3.93629e-01,3.52124e+00
4.46058e-01,3.30860e+01,1.44901e-01,1.34982e+01,1.50662e-01,3.50487e-01,7.58509e-01,3.69564e+00,1.38340e+00,8.10611e+00,1.32541e-01,6.08517e+01,1.39336e+00,5.10388e-01,3.53527e-01,3.21313e+00,1.37704e+00,2.31839e-01,4.13631e-01,3.46899e+00
4.76476e-01,3.24738e+01,1.48252e-01,1.33362e+01,1.50366e-01,3.50376e-01,7.58555e-01,3.69555e+00,1.44828e+00,8.08192e+00,1.32773e-01,5.97742e+01,1.39039e+00,5.16922e-01,3.55587e-01,3.22156e+00,1.37467e+00,2.38190e-01,4.37818e-01,3.41645e+00
5.27749e-01,3.18776e+01,1.50841e-01,1.31786e+01,1.49938e-01,3.50006e-01,7.59413e-01,3.69569e+00,1.53326e+00,8.05887e+00,1.32760e-01,5.87267e+01,1.38752e+00,5.26522e-01,3.58221e-01,3.23135e+00,1.37260e+00,2.38609e-01,4.64862e-01,3.36440e+00
5.93478e-01,3.12939e+01,1.51907e-01,1.30265e+01,1.49408e-01,3.49347e-01,7.61333e-01,3.69573e+00,1.63319e+00,8.03649e+00,1.32647e-01,5.77110e+01,1.38483e+00,5.41758e-01,3.61313e-01,3.24123e+00,1.37074e+00,2.35149e-01,4.92166e-01,3.31352e+00
6.60251e-01,3.07216e+01,1.51227e-01,1.28815e+01,1.48834e-01,3.48447e-01,7.64573e-01,3.69577e+00,1.73821e+00,8.01500e+00,1.32496e-01,5.67275e+01,1.38241e+00,5.64827e-01,3.64862e-01,3.25001e+00,1.36894e+00,2.29768e-01,5.16801e-01,3.26411e+00
7.15981e-01,3.01613e+01,1.49095e-01,1.27454e+01,1.48302e-01,3.47366e-01,7.68779e-01,3.69587e+00,1.83563e+00,7.99422e+00,1.32353e-01,5.57771e+01,1.38026e+00,5.94719e-01,3.68936e-01,3.25758e+00,1.36696e+00,2.23548e-01,5.36786e-01,3.21632e+00
7.56271e-01,2.96139e+01,1.46094e-01,1.26214e+01,1.47933e-01,3.46200e-01,7.73192e-01,3.69631e+00,1.91417e+00,7.97430e+00,1.32241e-01,5.48590e+01,1.37835e+00,6.26526e-01,3.73604e-01,3.26510e+00,1.36479e+00,2.17008e-01,5.51412e-01,3.17024e+00
7.84553e-01,2.90803e+01,1.42786e-01,1.25151e+01,1.47818e-01,3.45017e-01,7.76772e-01,3.69741e+00,1.96904e+00,7.95529e+00,1.32207e-01,5.39756e+01,1.37668e+00,6.54024e-01,3.78867e-01,3.27478e+00,1.36235e+00,2.10528e-01,5.61255e-01,3.12590e+00
8.07024e-01,2.85616e+01,1.39579e-01,1.24347e+01,1.48016e-01,3.43876e-01,7.78785e-01,3.69947e+00,2.00359e+00,7.93712e+00,1.32266e-01,5.31274e+01,1.37522e+00,6.73283e-01,3.84698e-01,3.28804e+00,1.35960e+00,2.04400e-01,5.67583e-01,3.08317e+00
8.26547e-01,2.80579e+01,1.36724e-01,1.23937e+01,1.48575e-01,3.42806e-01,7.78815e-01,3.70233e+00,2.02550e+00,7.91966e+00,1.32434e-01,5.23190e+01,1.37395e+00,6.83810e-01,3.91214e-01,3.30561e+00,1.35648e+00,1.98865e-01,5.71876e-01,3.04233e+00
8.40760e-01,2.75691e+01,1.34327e-01,1.24087e+01,1.49480e-01,3.41834e-01,7.76931e-01,3.70560e+00,2.04301e+00,7.90293e+00,1.32713e-01,5.15562e+01,1.37294e+00,6.87610e-01,3.98654e-01,3.32733e+00,1.35292e+00,1.94066e-01,5.75393e-01,3.00342e+00
8.45014e-01,2.70944e+01,1.32410e-01,1.25010e+01,1.50618e-01,3.41007e-01,7.73570e-01,3.70928e+00,2.06218e+00,7.88675e+00,1.33113e-01,5.08416e+01,1.37222e+00,6.87445e-01,4.07298e-01,3.35173e+00,1.34894e+00,1.90074e-01,5.78873e-01,2.96667e+00
8.36784e-01,2.66329e+01,1.30894e-01,1.26942e+01,1.51871e-01,3.40326e-01,7.69319e-01,3.71293e+00,2.08592e+00,7.87142e+00,1.33611e-01,5.01733e+01,1.37184e+00,6.85589e-01,4.17417e-01,3.37720e+00,1.34457e+00,1.86844e-01,5.82601e-01,2.93224e+00
8.17055e-01,2.61845e+01,1.29743e-01,1.30133e+01,1.53042e-01,3.39841e-01,7.64784e-01,3.71645e+00,2.11413e+00,7.85674e+00,1.34169e-01,4.95416e+01,1.37187e+00,6.83429e-01,4.29132e-01,3.40203e+00,1.33979e+00,1.84298e-01,5.86488e-01,2.90022e+00
7.89156e-01,2.57499e+01,1.28838e-01,1.34842e+01,1.54011e-01,3.39547e-01,7.60373e-01,3.71990e+00,2.14417e+00,7.84312e+00,1.34759e-01,4.89312e+01,1.37243e+00,6.81472e-01,4.42408e-01,3.42510e+00,1.33476e+00,1.82331e-01,5.90232e-01,2.87082e+00
7.56763e-01,2.53290e+01,1.28161e-01,1.41259e+01,1.54668e-01,3.39473e-01,7.56383e-01,3.72349e+00,2.17164e+00,7.83090e+00,1.35324e-01,4.83233e+01,1.37356e+00,6.79579e-01,4.57123e-01,3.44635e+00,1.32965e+00,1.80843e-01,5.93584e-01,2.84418e+00
7.22970e-01,2.49227e+01,1.27623e-01,1.49348e+01,1.54925e-01,3.39636e-01,7.52960e-01,3.72738e+00,2.19204e+00,7.82069e+00,1.35802e-01,4.77071e+01,1.37529e+00,6.77210e-01,4.73054e-01,3.46623e+00,1.32455e+00,1.79715e-01,5.96378e-01,2.82025e+00
6.89948e-01,2.45302e+01,1.27206e-01,1.58661e+01,1.54711e-01,3.40054e-01,7.50155e-01,3.73160e+00,2.20167e+00,7.81347e+00,1.36148e-01,4.70740e+01,1.37759e+00,6.73713e-01,4.89936e-01,3.48593e+00,1.31958e+00,1.78852e-01,5.98463e-01,2.79909e+00
6.58918e-01,2.41506e+01,1.26848e-01,1.68323e+01,1.54027e-01,3.40753e-01,7.47899e-01,3.73596e+00,2.19871e+00,7.81020e+00,1.36330e-01,4.64225e+01,1.38045e+00,6.68557e-01,5.07327e-01,3.50655e+00,1.31477e+00,1.78161e-01,5.99845e-01,2.78038e+00
6.30539e-01,2.37828e+01,1.26537e-01,1.77312e+01,1.52909e-01,3.41796e-01,7.46186e-01,3.74069e+00,2.18297e+00,7.81259e+00,1.36330e-01,4.57538e+01,1.38378e+00,6.61384e-01,5.24682e-01,3.52897e+00,1.31012e+00,1.77577e-01,6.00347e-01,2.76428e+00
6.04992e-01,2.34253e+01,1.26258e-01,1.84795e+01,1.51429e-01,3.43234e-01,7.44962e-01,3.74557e+00,2.15580e+00,7.82233e+00,1.36155e-01,4.50697e+01,1.38758e+00,6.52157e-01,5.41197e-01,3.55365e+00,1.30563e+00,1.77074e-01,6.00074e-01,2.75004e+00
5.82218e-01,2.30769e+01,1.25980e-01,1.90377e+01,1.49698e-01,3.45100e-01,7.44156e-01,3.75054e+00,2.11938e+00,7.84126e+00,1.35830e-01,4.43758e+01,1.39173e+00,6.41143e-01,5.56033e-01,3.58080e+00,1.30134e+00,1.76564e-01,5.98855e-01,2.73777e+00
5.62041e-01,2.27365e+01,1.25714e-01,1.94045e+01,1.47832e-01,3.47322e-01,7.43730e-01,3.75540e+00,2.07623e+00,7.87132e+00,1.35415e-01,4.36778e+01,1.39612e+00,6.28808e-01,5.68399e-01,3.61051e+00,1.29719e+00,1.76049e-01,5.96756e-01,2.72664e+00
5.44203e-01,2.24038e+01,1.25450e-01,1.96037e+01,1.45927e-01,3.49848e-01,7.43652e-01,3.76013e+00,2.02879e+00,7.91366e+00,1.34967e-01,4.29815e+01,1.40061e+00,6.15708e-01,5.77713e-01,3.64283e+00,1.29316e+00,1.75499e-01,5.93800e-01,2.71644e+00
5.28446e-01,2.20779e+01,1.25172e-01,1.96677e+01,1.44072e-01,3.52513e-01,7.43895e-01,3.76441e+00,1.97922e+00,7.96854e+00,1.34545e-01,4.22924e+01,1.40503e+00,6.02405e-01,5.83744e-01,3.67795e+00,1.28926e+00,1.74911e-01,5.90112e-01,2.70642e+00
5.14514e-01,2.17596e+01,1.24879e-01,1.96264e+01,1.42346e-01,3.55141e-01,7.44492e-01,3.76833e+00,1.92920e+00,8.03505e+00,1.34197e-01,4.16181e+01,1.40915e+00,5.89392e-01,5.86562e-01,3.71612e+00,1.28546e+00,1.74279e-01,5.85940e-01,2.69628e+00
5.02204e-01,2.14486e+01,1.24583e-01,1.95028e+01,1.40770e-01,3.57595e-01,7.45475e-01,3.77185e+00,1.88004e+00,8.11100e+00,1.33949e-01,4.09631e+01,1.41277e+00,5.77068e-01,5.86502e-01,3.75752e+00,1.28175e+00,1.73598e-01,5.81520e-01,2.68561e+00
4.91346e-01,2.11450e+01,1.24299e-01,1.93124e+01,1.39371e-01,3.59706e-01,7.46879e-01,3.77481e+00,1.83262e+00,8.19297e+00,1.33806e-01,4.03315e+01,1.41553e+00,5.65709e-01,5.84082e-01,3.80209e+00,1.27816e+00,1.72887e-01,5.77183e-01,2.67410e+00
4.81755e-01,2.08487e+01,1.24007e-01,1.90660e+01,1.38131e-01,3.61399e-01,7.48736e-01,3.77727e+00,1.78740e+00,8.27638e+00,1.33758e-01,3.97237e+01,1.41722e+00,5.55488e-01,5.79946e-01,3.84942e+00,1.27464e+00,1.72160e-01,5.73175e-01,2.66183e+00
4.73307e-01,2.05593e+01,1.23717e-01,1.87688e+01,1.37038e-01,3.62600e-01,7.51066e-01,3.77931e+00,1.74465e+00,8.35677e+00,1.33789e-01,3.91391e+01,1.41763e+00,5.46507e-01,5.74697e-01,3.89892e+00,1.27115e+00,1.71407e-01,5.69735e-01,2.64900e+00
4.65891e-01,2.02767e+01,1.23412e-01,1.84273e+01,1.36097e-01,3.63329e-01,7.53890e-01,3.78061e+00,1.70450e+00,8.42965e+00,1.33871e-01,3.85778e+01,1.41658e+00,5.38782e-01,5.68837e-01,3.94966e+00,1.26771e+00,1.70644e-01,5.66988e-01,2.63579e+00
4.59413e-01,2.00004e+01,1.23107e-01,1.80471e+01,1.35279e-01,3.63652e-01,7.57212e-01,3.78121e+00,1.66686e+00,8.49135e+00,1.33969e-01,3.80352e+01,1.41403e+00,5.32283e-01,5.62788e-01,4.00042e+00,1.26433e+00,1.69893e-01,5.65050e-01,2.62290e+00
4.53768e-01,1.97298e+01,1.22801e-01,1.76353e+01,1.34575e-01,3.63735e-01,7.61001e-01,3.78133e+00,1.63168e+00,8.53932e+00,1.34025e-01,3.75124e+01,1.40998e+00,5.26925e-01,5.56790e-01,4.04990e+00,1.26103e+00,1.69161e-01,5.63823e-01,2.61090e+00
4.48865e-01,1.94650e+01,1.22496e-01,1.71990e+01,1.33943e-01,3.63736e-01,7.65207e-01,3.78087e+00,1.59887e+00,8.57200e+00,1.34005e-01,3.70048e+01,1.40452e+00,5.22590e-01,5.50950e-01,4.09667e+00,1.25777e+00,1.68467e-01,5.63230e-01,2.60045e+00
4.44595e-01,1.92053e+01,1.22178e-01,1.67471e+01,1.33384e-01,3.63805e-01,7.69741e-01,3.77977e+00,1.56833e+00,8.58919e+00,1.33903e-01,3.65132e+01,1.39783e+00,5.19131e-01,5.45250e-01,4.13944e+00,1.25463e+00,1.67806e-01,5.63004e-01,2.59221e+00
4.40886e-01,1.89507e+01,1.21851e-01,1.62872e+01,1.32889e-01,3.64152e-01,7.74536e-01,3.77827e+00,1.53999e+00,8.59158e+00,1.33692e-01,3.60377e+01,1.39018e+00,5.16381e-01,5.39599e-01,4.17705e+00,1.25166e+00,1.67171e-01,5.62891e-01,2.58652e+00
4.37663e-01,1.87010e+01,1.21527e-01,1.58271e+01,1.32439e-01,3.64958e-01,7.79519e-01,3.77651e+00,1.51379e+00,8.58070e+00,1.33366e-01,3.55784e+01,1.38176e+00,5.14175e-01,5.33863e-01,4.20849e+00,1.24895e+00,1.66574e-01,5.62608e-01,2.58375e+00
4.34872e-01,1.84557e+01,1.21214e-01,1.53733e+01,1.32025e-01,3.66389e-01,7.84614e-01,3.77473e+00,1.48969e+00,8.55825e+00,1.32932e-01,3.51376e+01,1.37289e+00,5.12374e-01,5.27857e-01,4.23311e+00,1.24656e+00,1.66006e-01,5.61870e-01,2.58368e+00
4.32416e-01,1.82152e+01,1.20903e-01,1.49313e+01,1.31618e-01,3.68499e-01,7.89727e-01,3.77310e+00,1.46757e+00,8.52668e+00,1.32414e-01,3.47138e+01,1.36381e+00,5.10819e-01,5.21462e-01,4.25068e+00,1.24467e+00,1.65454e-01,5.60460e-01,2.58566e+00
4.30276e-01,1.79795e+01,1.20591e-01,1.45055e+01,1.31236e-01,3.71410e-01,7.94828e-01,3.77178e+00,1.44745e+00,8.48816e+00,1.31834e-01,3.43087e+01,1.35472e+00,5.09381e-01,5.14582e-01,4.26091e+00,1.24343e+00,1.64924e-01,5.58161e-01,2.58921e+00
4.28375e-01,1.77488e+01,1.20273e-01,1.40993e+01,1.30863e-01,3.75171e-01,7.99871e-01,3.77102e+00,1.42920e+00,8.44445e+00,1.31221e-01,3.39233e+01,1.34582e+00,5.07978e-01,5.07149e-01,4.26390e+00,1.24306e+00,1.64408e-01,5.54931e-01,2.59321e+00
4.26677e-01,1.75239e+01,1.19954e-01,1.37188e+01,1.30486e-01,3.80611e-01,8.05454e-01,3.77111e+00,1.41287e+00,8.39858e+00,1.30611e-01,3.35571e+01,1.33724e+00,5.06509e-01,4.99180e-01,4.26003e+00,1.24389e+00,1.63913e-01,5.50832e-01,2.59701e+00
4.25158e-01,1.73043e+01,1.19625e-01,1.33657e+01,1.30121e-01,3.89042e-01,8.10706e-01,3.77388e+00,1.39832e+00,8.35192e+00,1.30208e-01,3.32086e+01,1.32902e+00,5.04941e-01,4.90792e-01,4.24968e+00,1.24620e+00,1.63425e-01,5.45968e-01,2.60000e+00
4.23781e-01,1.70911e+01,1.19301e-01,1.30538e+01,1.29747e-01,4.02135e-01,8.16454e-01,3.78323e+00,1.38547e+00,8.30622e+00,1.30024e-01,3.28774e+01,1.32125e+00,5.03264e-01,4.82163e-01,4.23341e+00,1.25076e+00,1.62952e-01,5.40574e-01,2.60185e+00
4.22512e-01,1.68845e+01,1.18978e-01,1.27600e+01,1.29383e-01,4.16151e-01,8.22253e-01,3.80018e+00,1.37421e+00,8.26205e+00,1.30123e-01,3.25616e+01,1.31397e+00,5.01476e-01,4.73378e-01,4.21182e+00,1.25730e+00,1.62491e-01,5.34822e-01,2.60249e+00
4.21329e-01,1.66839e+01,1.18649e-01,1.24868e+01,1.29026e-01,4.31420e-01,8.28307e-01,3.82568e+00,1.36445e+00,8.21969e+00,1.30383e-01,3.22598e+01,1.30716e+00,4.99605e-01,4.64547e-01,4.18555e+00,1.26608e+00,1.62034e-01,5.29060e-01,2.60192e+00
4.20201e-01,1.64902e+01,1.18323e-01,1.22478e+01,1.28675e-01,4.54883e-01,8.35452e-01,3.85815e+00,1.35606e+00,8.17938e+00,1.30700e-01,3.19706e+01,1.30077e+00,4.97665e-01,4.55767e-01,4.15517e+00,1.27707e+00,1.61591e-01,5.23605e-01,2.60040e+00
4.19153e-01,1.63035e+01,1.18001e-01,1.20551e+01,1.28338e-01,5.15363e-01,8.45084e-01,3.89724e+00,1.34893e+00,8.14159e+00,1.31099e-01,3.16909e+01,1.29481e+00,4.95667e-01,4.47050e-01,4.12138e+00,1.29020e+00,1.61155e-01,5.18484e-01,2.59799e+00
4.18154e-01,1.61245e+01,1.17680e-01,1.19237e+01,1.28002e-01,6.92240e-01,8.59116e-01,3.94183e+00,1.34290e+00,8.10604e+00,1.31658e-01,3.14190e+01,1.28918e+00,4.93670e-01,4.38483e-01,4.08485e+00,1.30521e+00,1.60718e-01,5.13362e-01,2.59510e+00
4.17183e-01,1.59537e+01,1.17359e-01,1.18586e+01,1.27676e-01,9.99433e-01,8.79847e-01,3.98864e+00,1.33783e+00,8.07280e+00,1.32469e-01,3.11528e+01,1.28383e+00,4.91700e-01,4.30241e-01,4.04588e+00,1.32178e+00,1.60279e-01,5.07767e-01,2.59165e+00
4.16258e-01,1.57926e+01,1.17041e-01,1.18300e+01,1.27373e-01,1.34531e+00,9.08579e-01,4.03502e+00,1.33368e+00,8.04181e+00,1.33567e-01,3.08902e+01,1.27874e+00,4.89785e-01,4.22513e-01,4.00514e+00,1.33966e+00,1.59839e-01,5.01442e-01,2.58775e+00
4.15362e-01,1.56428e+01,1.16717e-01,1.17984e+01,1.27080e-01,1.71838e+00,9.44209e-01,4.08083e+00,1.33017e+00,8.01271e+00,1.34899e-01,3.06297e+01,1.27385e+00,4.87939e-01,4.15459e-01,3.96307e+00,1.35874e+00,1.59388e-01,4.94286e-01,2.58358e+00
4.14477e-01,1.55066e+01,1.16388e-01,1.17527e+01,1.26795e-01,1.93535e+00,9.82099e-01,4.12806e+00,1.32727e+00,7.98560e+00,1.36349e-01,3.03693e+01,1.26909e+00,4.86171e-01,4.09190e-01,3.91991e+00,1.37907e+00,1.58931e-01,4.86418e-01,2.57891e+00
4.13626e-01,1.53876e+01,1.16071e-01,1.17205e+01,1.26500e-01,1.91520e+00,1.01604e+00,4.17909e+00,1.32489e+00,7.95988e+00,1.37832e-01,3.01084e+01,1.26443e+00,4.84516e-01,4.03778e-01,3.87623e+00,1.40083e+00,1.58480e-01,4.78148e-01,2.57374e+00
4.12785e-01,1.52898e+01,1.15746e-01,1.17523e+01,1.26203e-01,1.76005e+00,1.04115e+00,4.23525e+00,1.32282e+00,7.93529e+00,1.39256e-01,2.98470e+01,1.25987e+00,4.82953e-01,3.99338e-01,3.83220e+00,1.42423e+00,1.58034e-01,4.69840e-01,2.56804e+00
4.11933e-01,1.52188e+01,1.15411e-01,1.18933e+01,1.25893e-01,1.57712e+00,1.05564e+00,4.29651e+00,1.32104e+00,7.91174e+00,1.40575e-01,2.95844e+01,1.25533e+00,4.81488e-01,3.96031e-01,3.78806e+00,1.44938e+00,1.57587e-01,4.61744e-01,2.56160e+00
4.11088e-01,1.51813e+01,1.15084e-01,1.21556e+01,1.25556e-01,1.42873e+00,1.06093e+00,4.36054e+00,1.31941e+00,7.88889e+00,1.41775e-01,2.93215e+01,1.25082e+00,4.80114e-01,3.94115e-01,3.74409e+00,1.47617e+00,1.57136e-01,4.54056e-01,2.55456e+00
4.10259e-01,1.51852e+01,1.14763e-01,1.25088e+01,1.25214e-01,1.34403e+00,1.06017e+00,4.42346e+00,1.31785e+00,7.86653e+00,1.42857e-01,2.90586e+01,1.24633e+00,4.78817e-01,3.94032e-01,3.70047e+00,1.50423e+00,1.56686e-01,4.46883e-01,2.54672e+00
4.09436e-01,1.52391e+01,1.14447e-01,1.28937e+01,1.24844e-01,1.33201e+00,1.05673e+00,4.48018e+00,1.31628e+00,7.84447e+00,1.43860e-01,2.87962e+01,1.24185e+00,4.77600e-01,3.96436e-01,3.65743e+00,1.53275e+00,1.56237e-01,4.40161e-01,2.53831e+00
4.08605e-01,1.53523e+01,1.14129e-01,1.32529e+01,1.24447e-01,1.38164e+00,1.05312e+00,4.52578e+00,1.31462e+00,7.82280e+00,1.44767e-01,2.85352e+01,1.23740e+00,4.76447e-01,4.02212e-01,3.61515e+00,1.56063e+00,1.55789e-01,4.33906e-01,2.52928e+00
4.07776e-01,1.55330e+01,1.13808e-01,1.35486e+01,1.24042e-01,1.46164e+00,1.05081e+00,4.55643e+00,1.31282e+00,7.80146e+00,1.45613e-01,2.82756e+01,1.23301e+00,4.75360e-01,4.12221e-01,3.57375e+00,1.58670e+00,1.55343e-01,4.28153e-01,2.51982e+00
4.06948e-01,1.57863e+01,1.13486e-01,1.37693e+01,1.23627e-01,1.53486e+00,1.05010e+00,4.57023e+00,1.31084e+00,7.78060e+00,1.46413e-01,2.80183e+01,1.22863e+00,4.74321e-01,4.27008e-01,3.53326e+00,1.60970e+00,1.54895e-01,4.22797e-01,2.51007e+00
4.06122e-01,1.61125e+01,1.13175e-01,1.39226e+01,1.23212e-01,1.57599e+00,1.05059e+00,4.56780e+00,1.30868e+00,7.76061e+00,1.47159e-01,2.77632e+01,1.22428e+00,4.73318e-01,4.46497e-01,3.49400e+00,1.62853e+00,1.54448e-01,4.17924e-01,2.50025e+00
4.05307e-01,1.65050e+01,1.12882e-01,1.40274e+01,1.22788e-01,1.57693e+00,1.05179e+00,4.55170e+00,1.30631e+00,7.74186e+00,1.47856e-01,2.75108e+01,1.22001e+00,4.72360e-01,4.69853e-01,3.45592e+00,1.64232e+00,1.53998e-01,4.13459e-01,2.49054e+00
4.04490e-01,1.69506e+01,1.12607e-01,1.41037e+01,1.22383e-01,1.54166e+00,1.05361e+00,4.52573e+00,1.30376e+00,7.72481e+00,1.48474e-01,2.72614e+01,1.21581e+00,4.71432e-01,4.95564e-01,3.41918e+00,1.65064e+00,1.53546e-01,4.09354e-01,2.48106e+00
4.03662e-01,1.74281e+01,1.12354e-01,1.41686e+01,1.21993e-01,1.47938e+00,1.05670e+00,4.49428e+00,1.30103e+00,7.70989e+00,1.48993e-01,2.70147e+01,1.21170e+00,4.70520e-01,5.21724e-01,3.38388e+00,1.65337e+00,1.53095e-01,4.05529e-01,2.47193e+00
4.02825e-01,1.79137e+01,1.12135e-01,1.42314e+01,1.21613e-01,1.40003e+00,1.06275e+00,4.46131e+00,1.29816e+00,7.69788e+00,1.49390e-01,2.67721e+01,1.20769e+00,4.69612e-01,5.46440e-01,3.35003e+00,1.65070e+00,1.52645e-01,4.01955e-01,2.46333e+00
4.01985e-01,1.83827e+01,1.11930e-01,1.42924e+01,1.21253e-01,1.31219e+00,1.07442e+00,4.43004e+00,1.29518e+00,7.68940e+00,1.49654e-01,2.65334e+01,1.20377e+00,4.68708e-01,5.68126e-01,3.31773e+00,1.64308e+00,1.52193e-01,3.98580e-01,2.45530e+00
4.01146e-01,1.88137e+01,1.11701e-01,1.43462e+01,1.20890e-01,1.22242e+00,1.09474e+00,4.40212e+00,1.29212e+00,7.68487e+00,1.49815e-01,2.62984e+01,1.19995e+00,4.67796e-01,5.85807e-01,3.28692e+00,1.63114e+00,1.51745e-01,3.95316e-01,2.44771e+00
4.00295e-01,1.91893e+01,1.11448e-01,1.43833e+01,1.20535e-01,1.13525e+00,1.12639e+00,4.37842e+00,1.28901e+00,7.68487e+00,1.49884e-01,2.60684e+01,1.19624e+00,4.66883e-01,5.98996e-01,3.25783e+00,1.61549e+00,1.51301e-01,3.92237e-01,2.44064e+00
3.99441e-01,1.94993e+01,1.11178e-01,1.43946e+01,1.20182e-01,1.05369e+00,1.17003e+00,4.35857e+00,1.28587e+00,7.68995e+00,1.49865e-01,2.58435e+01,1.19264e+00,4.65970e-01,6.07804e-01,3.23027e+00,1.59684e+00,1.50858e-01,3.89387e-01,2.43401e+00
3.98575e-01,1.97398e+01,1.10887e-01,1.43735e+01,1.19834e-01,9.79503e-01,1.22295e+00,4.34170e+00,1.28270e+00,7.70048e+00,1.49810e-01,2.56252e+01,1.18914e+00,4.65043e-01,6.12727e-01,3.20431e+00,1.57596e+00,1.50417e-01,3.86843e-01,2.42783e+00
3.97712e-01,1.99140e+01,1.17156e-01,1.43186e+01,1.34673e-01,9.13765e-01,1.27896e+00,4.32634e+00,1.28741e+00,7.72079e+00,1.49730e-01,2.54146e+01,1.18569e+00,4.64135e-01,6.14596e-01,3.17997e+00,1.55413e+00,1.62591e-01,3.84687e-01,2.42183e+00
4.03688e-01,2.00363e+01,1.30035e-01,1.42548e+01,2.47104e-01,8.57018e-01,1.33568e+00,4.32181e+00,1.30354e+00,7.74931e+00,1.49674e-01,2.52135e+01,1.18854e+00,4.73983e-01,6.14341e-01,3.16107e+00,1.54620e+00,1.74940e-01,3.97090e-01,2.42323e+00
4.14735e-01,2.01071e+01,1.48380e-01,1.42591e+01,5.40536e-01,8.09711e-01,1.39238e+00,4.32715e+00,1.32442e+00,7.78917e+00,1.49641e-01,2.50236e+01,1.19400e+00,4.86927e-01,6.12948e-01,3.15066e+00,1.54529e+00,1.90008e-01,4.18733e-01,2.43790e+00
4.23096e-01,2.01451e+01,1.66359e-01,1.42581e+01,1.11834e+00,7.72072e-01,1.45323e+00,4.32789e+00,1.34620e+00,7.83726e+00,1.49625e-01,2.48471e+01,1.20317e+00,4.99791e-01,6.11228e-01,3.15646e+00,1.54489e+00,2.13254e-01,4.45878e-01,2.46547e+00
4.31862e-01,2.01585e+01,1.83649e-01,1.41375e+01,1.88988e+00,7.44280e-01,1.49157e+00,4.32544e+00,1.36807e+00,7.88908e+00,1.49615e-01,2.46836e+01,1.21657e+00,5.13914e-01,6.09727e-01,3.21570e+00,1.53773e+00,2.38911e-01,4.76424e-01,2.51079e+00
4.48483e-01,2.01427e+01,2.01658e-01,1.40481e+01,2.38422e+00,7.25920e-01,1.52045e+00,4.32303e+00,1.39128e+00,7.94525e+00,1.49579e-01,2.45384e+01,1.22532e+00,5.28473e-01,6.08712e-01,3.32941e+00,1.52616e+00,2.60947e-01,5.14252e-01,2.54259e+00
4.75820e-01,2.00998e+01,2.19408e-01,1.40189e+01,2.64711e+00,7.16211e-01,1.54541e+00,4.32037e+00,1.41881e+00,8.00446e+00,1.49498e-01,2.44147e+01,1.22738e+00,5.42528e-01,6.08128e-01,3.45217e+00,1.51307e+00,2.78089e-01,5.54860e-01,2.55036e+00
5.14312e-01,2.00298e+01,2.31904e-01,1.40418e+01,2.93843e+00,7.13867e-01,1.55783e+00,4.31873e+00,1.45330e+00,8.06477e+00,1.49329e-01,2.43167e+01,1.22752e+00,5.56481e-01,6.07713e-01,3.52509e+00,1.49937e+00,2.91590e-01,5.94518e-01,2.54515e+00
5.62009e-01,1.99277e+01,2.35145e-01,1.41474e+01,3.19623e+00,7.17174e-01,1.55100e+00,4.31954e+00,1.49582e+00,8.12407e+00,1.49038e-01,2.42477e+01,1.23037e+00,5.72902e-01,6.07044e-01,3.51752e+00,1.48583e+00,3.02383e-01,6.34130e-01,2.53816e+00
6.14315e-01,1.97912e+01,2.29373e-01,1.43203e+01,3.23903e+00,7.24027e-01,1.52328e+00,4.32332e+00,1.54590e+00,8.18135e+00,1.48592e-01,2.42133e+01,1.23818e+00,5.93659e-01,6.05691e-01,3.45980e+00,1.47390e+00,3.09529e-01,6.74209e-01,2.53471e+00
6.66466e-01,1.96212e+01,2.17616e-01,1.44977e+01,3.06866e+00,7.32269e-01,1.47947e+00,4.33238e+00,1.60187e+00,8.23634e+00,1.47971e-01,2.42178e+01,1.25164e+00,6.17682e-01,6.03236e-01,3.40294e+00,1.46624e+00,3.11326e-01,7.12922e-01,2.53542e+00
7.16714e-01,1.94210e+01,2.03257e-01,1.46256e+01,2.77615e+00,7.40108e-01,1.42498e+00,4.34958e+00,1.66125e+00,8.28904e+00,1.47155e-01,2.42679e+01,1.27059e+00,6.41874e-01,5.99405e-01,3.37980e+00,1.46462e+00,3.07161e-01,7.48451e-01,2.53939e+00
7.65957e-01,1.91943e+01,1.88817e-01,1.46865e+01,2.43858e+00,7.46230e-01,1.36404e+00,4.37771e+00,1.72137e+00,8.33929e+00,1.46164e-01,2.43681e+01,1.29435e+00,6.63498e-01,5.94044e-01,3.39538e+00,1.46886e+00,2.98209e-01,7.80484e-01,2.54560e+00
8.14059e-01,1.89463e+01,1.75837e-01,1.46947e+01,2.10227e+00,7.49841e-01,1.30025e+00,4.41821e+00,1.78025e+00,8.38617e+00,1.44985e-01,2.45231e+01,1.32146e+00,6.81582e-01,5.87157e-01,3.43328e+00,1.47957e+00,2.87110e-01,8.09925e-01,2.55392e+00
8.57119e-01,1.86814e+01,1.65082e-01,1.46783e+01,1.79119e+00,7.50660e-01,1.23689e+00,4.47086e+00,1.83732e+00,8.42890e+00,1.43637e-01,2.47362e+01,1.34971e+00,6.96771e-01,5.78856e-01,3.46931e+00,1.50087e+00,2.77781e-01,8.37482e-01,2.56475e+00
8.89094e-01,1.84040e+01,1.56765e-01,1.46649e+01,1.51577e+00,7.48738e-01,1.17648e+00,4.53395e+00,1.89330e+00,8.46642e+00,1.42146e-01,2.50068e+01,1.37666e+00,7.10529e-01,5.69311e-01,3.48743e+00,1.53728e+00,2.77734e-01,8.62949e-01,2.57855e+00
9.05837e-01,1.81185e+01,1.50694e-01,1.46751e+01,1.27862e+00,7.44376e-01,1.12083e+00,4.60409e+00,1.94984e+00,8.49802e+00,1.40557e-01,2.53322e+01,1.40023e+00,7.24265e-01,5.58789e-01,3.48571e+00,1.58672e+00,3.08485e-01,8.85643e-01,2.59532e+00
9.07044e-01,1.78290e+01,1.46510e-01,1.47198e+01,1.07829e+00,7.37928e-01,1.07111e+00,4.67796e+00,2.00847e+00,8.52322e+00,1.38881e-01,2.57062e+01,1.41919e+00,7.38735e-01,5.47549e-01,3.47211e+00,1.63849e+00,4.22828e-01,9.05208e-01,2.61464e+00
8.95579e-01,1.75400e+01,1.43652e-01,1.47983e+01,9.11144e-01,7.29846e-01,1.02796e+00,4.75251e+00,2.06933e+00,8.54172e+00,1.37165e-01,2.61195e+01,1.43322e+00,7.53999e-01,5.35858e-01,3.45683e+00,1.67945e+00,6.52571e-01,9.21933e-01,2.63539e+00
8.75516e-01,1.72567e+01,1.41581e-01,1.49000e+01,7.72839e-01,7.20548e-01,9.91395e-01,4.82523e+00,2.13019e+00,8.55404e+00,1.35432e-01,2.65581e+01,1.44288e+00,7.69494e-01,5.23978e-01,3.44592e+00,1.70174e+00,9.06970e-01,9.36432e-01,2.65655e+00
8.50704e-01,1.69836e+01,1.39850e-01,1.50072e+01,6.58969e-01,7.10392e-01,9.61291e-01,4.89524e+00,2.18680e+00,8.56068e+00,1.33724e-01,2.70068e+01,1.44910e+00,7.84061e-01,5.12132e-01,3.44018e+00,1.70474e+00,1.07751e+00,9.48988e-01,2.67704e+00
8.33621e-01,1.67250e+01,1.38173e-01,1.51048e+01,5.65467e-01,6.99686e-01,9.37237e-01,4.96254e+00,2.23437e+00,8.56213e+00,1.32080e-01,2.74493e+01,1.45314e+00,7.96283e-01,5.00478e-01,3.43771e+00,1.69258e+00,1.14391e+00,9.59164e-01,2.69630e+00
8.27591e-01,1.64858e+01,1.36397e-01,1.51839e+01,4.88771e-01,6.88621e-01,9.18814e-01,5.02758e+00,2.27344e+00,8.55930e+00,1.30520e-01,2.78704e+01,1.45649e+00,8.04712e-01,4.89185e-01,3.43699e+00,1.67107e+00,1.13265e+00,9.66170e-01,2.71615e+00
8.19188e-01,1.62698e+01,1.38746e-01,1.52441e+01,4.37763e-01,6.77297e-01,9.05633e-01,5.09088e+00,2.31450e+00,8.55392e+00,1.29070e-01,2.82612e+01,1.45949e+00,8.09247e-01,4.78374e-01,3.43845e+00,1.65231e+00,1.07762e+00,9.69420e-01,2.73528e+00
8.31361e-01,1.62405e+01,1.48729e-01,1.52902e+01,4.39153e-01,6.66818e-01,8.97425e-01,5.15518e+00,2.38968e+00,8.55055e+00,1.27755e-01,2.86374e+01,1.46365e+00,8.10071e-01,4.68148e-01,3.44424e+00,1.64568e+00,1.03468e+00,9.70852e-01,2.75611e+00
8.86571e-01,1.62412e+01,1.65507e-01,1.54468e+01,5.13355e-01,6.90823e-01,9.10561e-01,5.27978e+00,2.51881e+00,8.55229e+00,1.39334e-01,2.89799e+01,1.47018e+00,8.07828e-01,4.64018e-01,3.45775e+00,1.65757e+00,9.64667e-01,9.69583e-01,2.78266e+00
9.88208e-01,1.60633e+01,1.84403e-01,1.60166e+01,6.68515e-01,7.05912e-01,1.10505e+00,5.44477e+00,2.67274e+00,8.56863e+00,1.78422e-01,2.93159e+01,1.48066e+00,8.02604e-01,4.57918e-01,3.48277e+00,1.69274e+00,9.14609e-01,9.65952e-01,2.81666e+00
1.11492e+00,1.59706e+01,2.02074e-01,1.65794e+01,9.42878e-01,7.79404e-01,1.72863e+00,5.51533e+00,2.82951e+00,8.60870e+00,2.25993e-01,2.96595e+01,1.49564e+00,7.96692e-01,4.61029e-01,3.52161e+00,1.75991e+00,8.71635e-01,9.61271e-01,2.86395e+00
1.25314e+00,1.59468e+01,2.20152e-01,1.68638e+01,1.27473e+00,8.37785e-01,2.53268e+00,5.56851e+00,3.03853e+00,8.68744e+00,2.58557e-01,3.00729e+01,1.51651e+00,7.92169e-01,6.94257e-01,3.57466e+00,1.87652e+00,8.20657e-01,9.64836e-01,2.91864e+00
1.39528e+00,1.59611e+01,2.39177e-01,1.73792e+01,1.48996e+00,9.25723e-01,3.04179e+00,5.63115e+00,3.37531e+00,8.83013e+00,2.79993e-01,3.06728e+01,1.54359e+00,7.90421e-01,1.60784e+00,3.63975e+00,2.07067e+00,7.80062e-01,9.87830e-01,2.98009e+00
1.54525e+00,1.60051e+01,2.54607e-01,1.80693e+01,1.59856e+00,1.03684e+00,3.45899e+00,5.69155e+00,3.85563e+00,9.07194e+00,2.86996e-01,3.16337e+01,1.57617e+00,7.92289e-01,2.56973e+00,3.71180e+00,2.37918e+00,7.27155e-01,1.01858e+00,3.04792e+00
1.69505e+00,1.60706e+01,2.61151e-01,1.88522e+01,1.73772e+00,1.40654e+00,3.89483e+00,5.76697e+00,4.39379e+00,9.41531e+00,2.83506e-01,3.31771e+01,1.61309e+00,7.98756e-01,3.22355e+00,3.78583e+00,2.87750e+00,6.81942e-01,1.05227e+00,3.12246e+00
1.81431e+00,1.61512e+01,2.57697e-01,1.95988e+01,1.98574e+00,2.17651e+00,4.19652e+00,5.86450e+00,4.86876e+00,9.78756e+00,2.74383e-01,3.56296e+01,1.65180e+00,8.10669e-01,3.46654e+00,3.85775e+00,3.73211e+00,6.45089e-01,1.08958e+00,3.20599e+00
1.87914e+00,1.62458e+01,2.46918e-01,2.01839e+01,2.24027e+00,2.80518e+00,4.28147e+00,5.98666e+00,5.22479e+00,1.00910e+01,2.62273e-01,3.95357e+01,1.68954e+00,8.27634e-01,3.39704e+00,3.92311e+00,5.16468e+00,6.08603e-01,1.13189e+00,3.30109e+00
1.89012e+00,1.63542e+01,2.32516e-01,2.06062e+01,2.35160e+00,2.98596e+00,4.15365e+00,6.14174e+00,5.46239e+00,1.02785e+01,2.49533e-01,4.49143e+01,1.72364e+00,8.47755e-01,3.24028e+00,3.97850e+00,7.38412e+00,5.68645e-01,1.18041e+00,3.41070e+00
1.86636e+00,1.64742e+01,2.17513e-01,2.09453e+01,2.28676e+00,2.83473e+00,3.87964e+00,6.33842e+00,5.59345e+00,1.03615e+01,2.37300e-01,5.05137e+01,1.75200e+00,8.68330e-01,3.08407e+00,4.02392e+00,1.06839e+01,5.35149e-01,1.23551e+00,3.54527e+00
1.81921e+00,1.66019e+01,2.03759e-01,2.12710e+01,2.10035e+00,2.53361e+00,3.56808e+00,6.58202e+00,5.64995e+00,1.03780e+01,2.25696e-01,5.48685e+01,1.77324e+00,8.86923e-01,2.93987e+00,4.06323e+00,1.46625e+01,4.94015e-01,1.29649e+00,3.72693e+00
1.75287e+00,1.67341e+01,1.92175e-01,2.16037e+01,1.85870e+00,2.20181e+00,3.33019e+00,6.87945e+00,5.68977e+00,1.03652e+01,2.14521e-01,5.73998e+01,1.78683e+00,9.01903e-01,2.81763e+00,4.10024e+00,1.78475e+01,4.61559e-01,1.36274e+00,3.97993e+00
1.67904e+00,1.68677e+01,1.82981e-01,2.19316e+01,1.60866e+00,1.89603e+00,3.26543e+00,7.23955e+00,5.76672e+00,1.03503e+01,2.03683e-01,5.82751e+01,1.79303e+00,9.12636e-01,2.72322e+00,4.13569e+00,1.95080e+01,4.38227e-01,1.43358e+00,4.30730e+00
1.60248e+00,1.70014e+01,1.75955e-01,2.22401e+01,1.37559e+00,1.63625e+00,3.44235e+00,7.66980e+00,5.90435e+00,1.03478e+01,1.93265e-01,5.79139e+01,1.79264e+00,9.19734e-01,2.64841e+00,4.16625e+00,1.99718e+01,4.25507e-01,1.50758e+00,4.68089e+00
1.52664e+00,1.71346e+01,1.70677e-01,2.25280e+01,1.17020e+00,1.42486e+00,3.83214e+00,8.16839e+00,6.09036e+00,1.03603e+01,1.83524e-01,5.67168e+01,1.78689e+00,9.23623e-01,2.57611e+00,4.18718e+00,1.97921e+01,4.32873e-01,1.58212e+00,5.05460e+00
1.45670e+00,1.72686e+01,1.66665e-01,2.28081e+01,9.94900e-01,1.25687e+00,4.29884e+00,8.72521e+00,6.29249e+00,1.03799e+01,1.74694e-01,5.49967e+01,1.77714e+00,9.26040e-01,2.49027e+00,4.19796e+00,1.93866e+01,4.79064e-01,1.65345e+00,5.38218e+00
1.39701e+00,1.74051e+01,1.63448e-01,2.30971e+01,8.58027e-01,1.12516e+00,4.73121e+00,9.43281e+00,6.48021e+00,1.03915e+01,1.66940e-01,5.29866e+01,1.76501e+00,9.27654e-01,2.42864e+00,4.20148e+00,1.89611e+01,5.82129e-01,1.71739e+00,5.63239e+00
1.34993e+00,1.75455e+01,1.60671e-01,2.34114e+01,7.88435e-01,1.02358e+00,5.19677e+00,1.02013e+01,6.63539e+00,1.03795e+01,2.06628e-01,5.08585e+01,1.75245e+00,9.28303e-01,2.41711e+00,4.20419e+00,1.85299e+01,7.20860e-01,1.81176e+00,5.78951e+00
1.31441e+00,1.76907e+01,1.58114e-01,2.37695e+01,1.20905e+00,9.47635e-01,5.88351e+00,1.06685e+01,6.74896e+00,1.03320e+01,6.65461e-01,4.87380e+01,1.74189e+00,9.27269e-01,2.65451e+00,4.20984e+00,1.80140e+01,8.48468e-01,1.98428e+00,5.85381e+00
1.28582e+00,1.78422e+01,1.55697e-01,2.42051e+01,3.43009e+00,8.94416e-01,6.45713e+00,1.09626e+01,6.81404e+00,1.02454e+01,1.92168e+00,4.67112e+01,1.73705e+00,9.23870e-01,3.01798e+00,4.21953e+00,1.73462e+01,9.33453e-01,2.14463e+00,5.83882e+00
1.25986e+00,1.79996e+01,1.53410e-01,2.47578e+01,5.45979e+00,8.60741e-01,6.72122e+00,1.11774e+01,6.82420e+00,1.01239e+01,3.31018e+00,4.48306e+01,1.74381e+00,9.18241e-01,3.17341e+00,4.23421e+00,1.65191e+01,9.70564e-01,2.28321e+00,5.76490e+00
1.23680e+00,1.81627e+01,1.51277e-01,2.54771e+01,5.27935e+00,8.45124e-01,6.81267e+00,1.13336e+01,6.77570e+00,9.97648e+00,3.64681e+00,4.31226e+01,1.77189e+00,9.11450e-01,3.17761e+00,4.25587e+00,1.55721e+01,9.68570e-01,2.39502e+00,5.65175e+00
1.21987e+00,1.83287e+01,1.49324e-01,2.64260e+01,4.19111e+00,8.58234e-01,6.84248e+00,1.14410e+01,6.67131e+00,9.81443e+00,3.25154e+00,4.15949e+01,1.83663e+00,9.05231e-01,3.01378e+00,4.29012e+00,1.45610e+01,9.41491e-01,2.47352e+00,5.51638e+00
1.20972e+00,1.84932e+01,1.47565e-01,2.76824e+01,3.17380e+00,9.37763e-01,6.86102e+00,1.15146e+01,6.51953e+00,9.64905e+00,2.76537e+00,4.02393e+01,1.95929e+00,9.01716e-01,2.75176e+00,4.35445e+00,1.35390e+01,9.00490e-01,2.53965e+00,5.37037e+00
1.20115e+00,1.86497e+01,1.46018e-01,2.92902e+01,2.40675e+00,1.12171e+00,6.92224e+00,1.15650e+01,6.33174e+00,9.48970e+00,2.35473e+00,3.90437e+01,2.16178e+00,9.03221e-01,2.46991e+00,4.50054e+00,1.25488e+01,8.51077e-01,2.61047e+00,5.22058e+00
1.18661e+00,1.87928e+01,1.44709e-01,3.11567e+01,1.85057e+00,1.34686e+00,7.10760e+00,1.15961e+01,6.11989e+00,9.34369e+00,1.99706e+00,3.79911e+01,2.45158e+00,9.12085e-01,2.20778e+00,4.92348e+00,1.16228e+01,7.96254e-01,2.68935e+00,5.07048e+00
1.16179e+00,1.89181e+01,1.43639e-01,3.30053e+01,1.44537e+00,1.49439e+00,7.52847e+00,1.16088e+01,5.89427e+00,9.21650e+00,1.67360e+00,3.70653e+01,2.80528e+00,9.30008e-01,1.97978e+00,6.59196e+00,1.07820e+01,7.39775e-01,2.77805e+00,4.92197e+00
1.12730e+00,1.90232e+01,1.42788e-01,3.45150e+01,1.14660e+00,1.54054e+00,8.19629e+00,1.16058e+01,5.66329e+00,9.11195e+00,1.38758e+00,3.62518e+01,3.17253e+00,9.57190e-01,1.79113e+00,1.34850e+01,1.00358e+01,6.86968e-01,2.87992e+00,4.77596e+00
1.08665e+00,1.91106e+01,1.42140e-01,3.55005e+01,9.23834e-01,1.53711e+00,8.89555e+00,1.15896e+01,5.43307e+00,9.03315e+00,1.14481e+00,3.55389e+01,3.50029e+00,9.91689e-01,1.64254e+00,2.80682e+01,9.38241e+00,6.45271e-01,2.99418e+00,4.63303e+00
1.04380e+00,1.91869e+01,1.41697e-01,3.59569e+01,7.56278e-01,1.54158e+00,9.35990e+00,1.15627e+01,5.20789e+00,8.98285e+00,9.45817e-01,3.49144e+01,3.75429e+00,1.02945e+00,1.53091e+00,4.27084e+01,8.81075e+00,6.28069e-01,3.11528e+00,4.49372e+00
1.00187e+00,1.92633e+01,1.41408e-01,3.59901e+01,6.29235e-01,1.58822e+00,9.49526e+00,1.15259e+01,4.99059e+00,8.96347e+00,7.86688e-01,3.43675e+01,3.92336e+00,1.06540e+00,1.44999e+00,5.24560e+01,8.30454e+00,6.61240e-01,3.23849e+00,4.35856e+00
9.62737e-01,1.93538e+01,1.41263e-01,3.57343e+01,5.32262e-01,1.67936e+00,9.36091e+00,1.14769e+01,4.78304e+00,8.97797e+00,6.61946e-01,3.38883e+01,4.01264e+00,1.09500e+00,1.39214e+00,5.74738e+01,7.84814e+00,7.74851e-01,3.36404e+00,4.22851e+00
9.27286e-01,1.94765e+01,1.41217e-01,3.53195e+01,4.57757e-01,1.78919e+00,9.05463e+00,1.14165e+01,4.58645e+00,9.02903e+00,5.66325e-01,3.34669e+01,4.03517e+00,1.11529e+00,1.34947e+00,5.88944e+01,7.42932e+00,9.54267e-01,3.49632e+00,4.10456e+00
8.95709e-01,1.96495e+01,1.41255e-01,3.48642e+01,4.00134e-01,1.88440e+00,8.65210e+00,1.13540e+01,4.40175e+00,9.11888e+00,4.96138e-01,3.30933e+01,4.00547e+00,1.12524e+00,1.31492e+00,5.80741e+01,7.04062e+00,1.12526e+00,3.63959e+00,3.98766e+00
8.67818e-01,1.98887e+01,1.41370e-01,3.44724e+01,3.55300e-01,1.94424e+00,8.20462e+00,1.13113e+01,4.22994e+00,9.24946e+00,4.49659e-01,3.27581e+01,3.93693e+00,1.12528e+00,1.28290e+00,5.63522e+01,6.67843e+00,1.22645e+00,3.79525e+00,3.87836e+00
8.43221e-01,2.02049e+01,1.41518e-01,3.42121e+01,3.20196e-01,1.96483e+00,7.75226e+00,1.13135e+01,4.07199e+00,9.42234e+00,4.26942e-01,3.24552e+01,3.84058e+00,1.11675e+00,1.24985e+00,5.45410e+01,6.34190e+00,1.24711e+00,3.95866e+00,3.77700e+00
8.21483e-01,2.05982e+01,1.41695e-01,3.40833e+01,2.92512e-01,1.95214e+00,7.33759e+00,1.13671e+01,3.92915e+00,9.63921e+00,4.28764e-01,3.21769e+01,3.72534e+00,1.10136e+00,1.21448e+00,5.28328e+01,6.03062e+00,1.20602e+00,4.11874e+00,3.68348e+00
8.02128e-01,2.10582e+01,1.41883e-01,3.40169e+01,2.70538e-01,1.91481e+00,7.01697e+00,1.14493e+01,3.80269e+00,9.90241e+00,4.54055e-01,3.19209e+01,3.59820e+00,1.08083e+00,1.17732e+00,5.12299e+01,5.74391e+00,1.12811e+00,4.26003e+00,3.59781e+00
7.84707e-01,2.15634e+01,1.42078e-01,3.39192e+01,2.53023e-01,1.86106e+00,6.86251e+00,1.15232e+01,3.69369e+00,1.02149e+01,4.97403e-01,3.16845e+01,3.46462e+00,1.05665e+00,1.14066e+00,4.97619e+01,5.48117e+00,1.03387e+00,4.36663e+00,3.51986e+00
7.68846e-01,2.20866e+01,1.42284e-01,3.37279e+01,2.38966e-01,1.79966e+00,6.94103e+00,1.15601e+01,3.60267e+00,1.05797e+01,5.49604e-01,3.14682e+01,3.32891e+00,1.03011e+00,1.10849e+00,4.84421e+01,5.24170e+00,9.36734e-01,4.42694e+00,3.44970e+00
7.54196e-01,2.26012e+01,1.42490e-01,3.34315e+01,2.27620e-01,1.74327e+00,7.26009e+00,1.15525e+01,3.52904e+00,1.09984e+01,6.01153e-01,3.12749e+01,3.19429e+00,1.00226e+00,1.08715e+00,4.72639e+01,5.02484e+00,8.44105e-01,4.43660e+00,3.38719e+00
7.40544e-01,2.30855e+01,1.42679e-01,3.30527e+01,2.18432e-01,1.71338e+00,7.72955e+00,1.15087e+01,3.47139e+00,1.14694e+01,6.45525e-01,3.11058e+01,3.06307e+00,9.73871e-01,1.08593e+00,4.62482e+01,4.83052e+00,7.59427e-01,4.39741e+00,3.33241e+00
7.27658e-01,2.35265e+01,1.42852e-01,3.26270e+01,2.10961e-01,1.74265e+00,8.20409e+00,1.14460e+01,3.42703e+00,1.19857e+01,6.79996e-01,3.09643e+01,2.93716e+00,9.45579e-01,1.11598e+00,4.54185e+01,4.65866e+00,6.83897e-01,4.31638e+00,3.28525e+00
7.15410e-01,2.39199e+01,1.43000e-01,3.21892e+01,2.04815e-01,1.86176e+00,8.56551e+00,1.13800e+01,3.39241e+00,1.25348e+01,7.04644e-01,3.08528e+01,2.81778e+00,9.17820e-01,1.18655e+00,4.47305e+01,4.50979e+00,6.17597e-01,4.20249e+00,3.24557e+00
7.03728e-01,2.42685e+01,1.43133e-01,3.17709e+01,1.99771e-01,2.06386e+00,8.75702e+00,1.13242e+01,3.36394e+00,1.31004e+01,7.20964e-01,3.07715e+01,2.70573e+00,8.90982e-01,1.29840e+00,4.40536e+01,4.38441e+00,5.60020e-01,4.06505e+00,3.21299e+00
6.92600e-01,2.45810e+01,1.43248e-01,3.14070e+01,1.95625e-01,2.28846e+00,8.77175e+00,1.12907e+01,3.33818e+00,1.36646e+01,7.31096e-01,3.07241e+01,2.60149e+00,8.65257e-01,1.44047e+00,4.32256e+01,4.28289e+00,5.10400e-01,3.91235e+00,3.18738e+00
6.82044e-01,2.48681e+01,1.43342e-01,3.11338e+01,1.92193e-01,2.46497e+00,8.63067e+00,1.12940e+01,3.31251e+00,1.42106e+01,7.37649e-01,3.07086e+01,2.50531e+00,8.40829e-01,1.59319e+00,4.21322e+01,4.20474e+00,4.67927e-01,3.75147e+00,3.16856e+00
6.72072e-01,2.51398e+01,1.43436e-01,3.09891e+01,1.89339e-01,2.55969e+00,8.36605e+00,1.13548e+01,3.28537e+00,1.47251e+01,7.44016e-01,3.07270e+01,2.41730e+00,8.17785e-01,1.73589e+00,4.07423e+01,4.14837e+00,4.31775e-01,3.58788e+00,3.15656e+00
6.62721e-01,2.54039e+01,1.43515e-01,3.10007e+01,1.86974e-01,2.57732e+00,8.01168e+00,1.15044e+01,3.25627e+00,1.51998e+01,7.55019e-01,3.07782e+01,2.33742e+00,7.96201e-01,1.85261e+00,3.90929e+01,4.11094e+00,4.01148e-01,3.42561e+00,3.15135e+00
6.54028e-01,2.56660e+01,1.43582e-01,3.11703e+01,1.85026e-01,2.53823e+00,7.59839e+00,1.17737e+01,3.22587e+00,1.56308e+01,7.78054e-01,3.08644e+01,2.26565e+00,7.76094e-01,1.93450e+00,3.72565e+01,4.08819e+00,3.75350e-01,3.26765e+00,3.15291e+00
6.45988e-01,2.59280e+01,1.43643e-01,3.14591e+01,1.83400e-01,2.46212e+00,7.15254e+00,1.21609e+01,3.19591e+00,1.60200e+01,8.24470e-01,3.09869e+01,2.20183e+00,7.57428e-01,1.97972e+00,3.53118e+01,4.07502e+00,3.53742e-01,3.11593e+00,3.16085e+00
6.38613e-01,2.61907e+01,1.43682e-01,3.17959e+01,1.82029e-01,2.36309e+00,6.69491e+00,1.26127e+01,3.16890e+00,1.63722e+01,9.09518e-01,3.11497e+01,2.14593e+00,7.40260e-01,1.99140e+00,3.33238e+01,4.06624e+00,3.35779e-01,2.97176e+00,3.17470e+00
6.31894e-01,2.64532e+01,1.43710e-01,3.20993e+01,1.80860e-01,2.25127e+00,6.24174e+00,1.30454e+01,3.14775e+00,1.66962e+01,1.04654e+00,3.13575e+01,2.09790e+00,7.24492e-01,1.97536e+00,3.13453e+01,4.05719e+00,3.20972e-01,2.83574e+00,3.19353e+00
6.25824e-01,2.67147e+01,1.43725e-01,3.23067e+01,1.79871e-01,2.13418e+00,5.80472e+00,1.33957e+01,3.13524e+00,1.70030e+01,1.23474e+00,3.16178e+01,2.05771e+00,7.10131e-01,1.93814e+00,2.94168e+01,4.04434e+00,3.08888e-01,2.70810e+00,3.21629e+00
6.20399e-01,2.69755e+01,1.43710e-01,3.23881e+01,1.79021e-01,2.01779e+00,5.39195e+00,1.36550e+01,3.13305e+00,1.73037e+01,1.45251e+00,3.19376e+01,2.02510e+00,6.97126e-01,1.88561e+00,2.75683e+01,4.02531e+00,2.99135e-01,2.58863e+00,3.24150e+00
6.15537e-01,2.72369e+01,1.43679e-01,3.23416e+01,1.78298e-01,1.90664e+00,5.00859e+00,1.38670e+01,3.14113e+00,1.76070e+01,1.66632e+00,3.23252e+01,1.99977e+00,6.85414e-01,1.82269e+00,2.58208e+01,3.99920e+00,2.91376e-01,2.47692e+00,3.26792e+00
6.11231e-01,2.75039e+01,1.43635e-01,3.21861e+01,1.77679e-01,1.80426e+00,4.65732e+00,1.40966e+01,3.15724e+00,1.79182e+01,1.84660e+00,3.27886e+01,1.98110e+00,6.74980e-01,1.75321e+00,2.41865e+01,3.96601e+00,2.85307e-01,2.37244e+00,3.29441e+00
6.07430e-01,2.77841e+01,1.43577e-01,3.19517e+01,1.77140e-01,1.71289e+00,4.33933e+00,1.43895e+01,3.17734e+00,1.82367e+01,1.97692e+00,3.33325e+01,1.96819e+00,6.65761e-01,1.68008e+00,2.26699e+01,3.92654e+00,2.80654e-01,2.27458e+00,3.32014e+00
6.04096e-01,2.80880e+01,1.43514e-01,3.16738e+01,1.76674e-01,1.63374e+00,4.05464e+00,1.47448e+01,3.19648e+00,1.85568e+01,2.05437e+00,3.39596e+01,1.95992e+00,6.57684e-01,1.60551e+00,2.12712e+01,3.88200e+00,2.77158e-01,2.18273e+00,3.34448e+00
6.01167e-01,2.84299e+01,1.43442e-01,3.13878e+01,1.76265e-01,1.56687e+00,3.80263e+00,1.51238e+01,3.21002e+00,1.88689e+01,2.08475e+00,3.46660e+01,1.95502e+00,6.50710e-01,1.53114e+00,1.99866e+01,3.83393e+00,2.74614e-01,2.09646e+00,3.36713e+00
5.98598e-01,2.88273e+01,1.43364e-01,3.11215e+01,1.75903e-01,1.51135e+00,3.58206e+00,1.54771e+01,3.21448e+00,1.91619e+01,2.07783e+00,3.54430e+01,1.95209e+00,6.44728e-01,1.45812e+00,1.88085e+01,3.78409e+00,2.72817e-01,2.01513e+00,3.38806e+00
5.96368e-01,2.92982e+01,1.43269e-01,3.08881e+01,1.75584e-01,1.46551e+00,3.39156e+00,1.57668e+01,3.20786e+00,1.94255e+01,2.04348e+00,3.62778e+01,1.94990e+00,6.39704e-01,1.38738e+00,1.77303e+01,3.73395e+00,2.71625e-01,1.93875e+00,3.40695e+00
5.94452e-01,2.98604e+01,1.43172e-01,3.06858e+01,1.75275e-01,1.42719e+00,3.22914e+00,1.59724e+01,3.18971e+00,1.96523e+01,1.99026e+00,3.71525e+01,1.94744e+00,6.35521e-01,1.31949e+00,1.67433e+01,3.68483e+00,2.70898e-01,1.86704e+00,3.42399e+00
5.92814e-01,3.05245e+01,1.43060e-01,3.04998e+01,1.74978e-01,1.39396e+00,3.09239e+00,1.60860e+01,3.16081e+00,1.98390e+01,1.92467e+00,3.80493e+01,1.94391e+00,6.32126e-01,1.25494e+00,1.58394e+01,3.63781e+00,2.70530e-01,1.79993e+00,3.43889e+00
5.91423e-01,3.12918e+01,1.42921e-01,3.03182e+01,1.74683e-01,1.36363e+00,2.97860e+00,1.61085e+01,3.12272e+00,1.99861e+01,1.85134e+00,3.89493e+01,1.93880e+00,6.29426e-01,1.19394e+00,1.50097e+01,3.59349e+00,2.70432e-01,1.73741e+00,3.45160e+00
5.90243e-01,3.21488e+01,1.42757e-01,3.01380e+01,1.74394e-01,1.33455e+00,2.88481e+00,1.60460e+01,3.07746e+00,2.00969e+01,1.77357e+00,3.98367e+01,1.93169e+00,6.27340e-01,1.13668e+00,1.42471e+01,3.55202e+00,2.70519e-01,1.67956e+00,3.46204e+00
5.89281e-01,3.30687e+01,1.42578e-01,2.99696e+01,1.74105e-01,1.30554e+00,2.80802e+00,1.59092e+01,3.02712e+00,2.01769e+01,1.69361e+00,4.07013e+01,1.92255e+00,6.25804e-01,1.08321e+00,1.35446e+01,3.51315e+00,2.70739e-01,1.62648e+00,3.46993e+00
5.88489e-01,3.40117e+01,1.42397e-01,2.98292e+01,1.73827e-01,1.27598e+00,2.74579e+00,1.57111e+01,2.97371e+00,2.02324e+01,1.61308e+00,4.15352e+01,1.91130e+00,6.24748e-01,1.03353e+00,1.28952e+01,3.47627e+00,2.71055e-01,1.57826e+00,3.47530e+00
5.87868e-01,3.49356e+01,1.42226e-01,2.97314e+01,1.73555e-01,1.24560e+00,2.69647e+00,1.54668e+01,2.91903e+00,2.02713e+01,1.53319e+00,4.23356e+01,1.89825e+00,6.24103e-01,9.87592e-01,1.22936e+01,3.44048e+00,2.71416e-01,1.53490e+00,3.47808e+00
5.87363e-01,3.57989e+01,1.42051e-01,2.96854e+01,1.73293e-01,1.21445e+00,2.65992e+00,1.51908e+01,2.86452e+00,2.03025e+01,1.45489e+00,4.31016e+01,1.88350e+00,6.23783e-01,9.45325e-01,1.17350e+01,3.40472e+00,2.71788e-01,1.49640e+00,3.47827e+00
5.86965e-01,3.65707e+01,1.41863e-01,2.97031e+01,1.73043e-01,1.18276e+00,2.63779e+00,1.48982e+01,2.81136e+00,2.03388e+01,1.37892e+00,4.38362e+01,1.86741e+00,6.23732e-01,9.06544e-01,1.12150e+01,3.36809e+00,2.72146e-01,1.46242e+00,3.47629e+00
5.86645e-01,3.72291e+01,1.41668e-01,2.98353e+01,1.72788e-01,1.15077e+00,2.63439e+00,1.46029e+01,2.76043e+00,2.03981e+01,1.30589e+00,4.45410e+01,1.85026e+00,6.23889e-01,8.71173e-01,1.07303e+01,3.32975e+00,2.72470e-01,1.43274e+00,3.47233e+00
5.86409e-01,3.77651e+01,1.41474e-01,3.02380e+01,1.72513e-01,1.11880e+00,2.65692e+00,1.43223e+01,2.71239e+00,2.05076e+01,1.23625e+00,4.52169e+01,1.83241e+00,6.24208e-01,8.39003e-01,1.02779e+01,3.28919e+00,2.72776e-01,1.40691e+00,3.46713e+00
5.86227e-01,3.81794e+01,1.41274e-01,3.12715e+01,1.72243e-01,1.08718e+00,2.71557e+00,1.40801e+01,2.66757e+00,2.07058e+01,1.17031e+00,4.58661e+01,1.81421e+00,6.24624e-01,8.09933e-01,9.85483e+00,3.24605e+00,2.73036e-01,1.38425e+00,3.46151e+00
5.86088e-01,3.84785e+01,1.41052e-01,3.35238e+01,1.71964e-01,1.05619e+00,2.82132e+00,1.39157e+01,2.62623e+00,2.10408e+01,1.10834e+00,4.64881e+01,1.79591e+00,6.25129e-01,7.83729e-01,9.45897e+00,3.20021e+00,2.73271e-01,1.36414e+00,3.45659e+00
5.85990e-01,3.86723e+01,1.40818e-01,3.74971e+01,1.71667e-01,1.02610e+00,2.98038e+00,1.38977e+01,2.58847e+00,2.15627e+01,1.05047e+00,4.70850e+01,1.77788e+00,6.25671e-01,7.60222e-01,9.08821e+00,3.15177e+00,2.73462e-01,1.34591e+00,3.45407e+00
5.85879e-01,3.87729e+01,1.40562e-01,4.30256e+01,1.71379e-01,9.97113e-01,3.18671e+00,1.41500e+01,2.55426e+00,2.23078e+01,9.96800e-01,4.76554e+01,1.76036e+00,6.26230e-01,7.39241e-01,8.74063e+00,3.10104e+00,2.73609e-01,1.32886e+00,3.45604e+00
5.85805e-01,3.87927e+01,1.40298e-01,4.91913e+01,1.71082e-01,9.69419e-01,3.41956e+00,1.49016e+01,2.52354e+00,2.32780e+01,9.47322e-01,4.82045e+01,1.74362e+00,6.26792e-01,7.20628e-01,8.41474e+00,3.04847e+00,2.73728e-01,1.31248e+00,3.46548e+00
5.85733e-01,3.87437e+01,1.40041e-01,5.49130e+01,1.70776e-01,9.43161e-01,3.64992e+00,1.65777e+01,2.49616e+00,2.44270e+01,9.02000e-01,4.87345e+01,1.72778e+00,6.27332e-01,7.04187e-01,8.10908e+00,2.99449e+00,2.73806e-01,1.29632e+00,3.48613e+00
5.85644e-01,3.86387e+01,1.39788e-01,5.94909e+01,1.70470e-01,9.18443e-01,3.85117e+00,1.98633e+01,2.47194e+00,2.56666e+01,8.60755e-01,4.92559e+01,1.71304e+00,6.27824e-01,6.89745e-01,7.82230e+00,2.93960e+00,2.73843e-01,1.27997e+00,3.52251e+00
5.85542e-01,3.84907e+01,1.39525e-01,6.27457e+01,1.70165e-01,8.95274e-01,4.00647e+00,2.53883e+01,2.45061e+00,2.68907e+01,8.23479e-01,4.97782e+01,1.69950e+00,6.28263e-01,6.77118e-01,7.55294e+00,2.88434e+00,2.73846e-01,1.26330e+00,3.57933e+00
5.85415e-01,3.83120e+01,1.39261e-01,6.48432e+01,1.69854e-01,8.73710e-01,4.10999e+00,3.29769e+01,2.43200e+00,2.80032e+01,7.90050e-01,5.03171e+01,1.68719e+00,6.28644e-01,6.66171e-01,7.30054e+00,2.82923e+00,2.73807e-01,1.24621e+00,3.66125e+00
5.85262e-01,3.81125e+01,1.38999e-01,6.60837e+01,1.69518e-01,8.53761e-01,4.16466e+00,4.14893e+01,2.41592e+00,2.89396e+01,7.60249e-01,5.08865e+01,1.67617e+00,6.28969e-01,6.56756e-01,7.06379e+00,2.77466e+00,2.73719e-01,1.22867e+00,3.77045e+00
5.85092e-01,3.79049e+01,1.38726e-01,6.67733e+01,1.69183e-01,8.35384e-01,4.17803e+00,4.95122e+01,2.40212e+00,2.96722e+01,7.33810e-01,5.15071e+01,1.66640e+00,6.29230e-01,6.48701e-01,6.84181e+00,2.72104e+00,2.73606e-01,1.21075e+00,3.90580e+00
5.84897e-01,3.76999e+01,1.38439e-01,6.71716e+01,1.68850e-01,8.18513e-01,4.15901e+00,5.60021e+01,2.39041e+00,3.02031e+01,7.10395e-01,5.21967e+01,1.65786e+00,6.29415e-01,6.41871e-01,6.63384e+00,2.66871e+00,2.73444e-01,1.19250e+00,4.06181e+00
5.84654e-01,3.75073e+01,1.38143e-01,6.74920e+01,1.68507e-01,8.03105e-01,4.11591e+00,6.05619e+01,2.38051e+00,3.05550e+01,6.89599e-01,5.29768e+01,1.65046e+00,6.29517e-01,6.36128e-01,6.43932e+00,2.61787e+00,2.73268e-01,1.17413e+00,4.22909e+00
5.84382e-01,3.73348e+01,1.37838e-01,6.79549e+01,1.68156e-01,7.89082e-01,4.05542e+00,6.33426e+01,2.37224e+00,3.07585e+01,6.70944e-01,5.38647e+01,1.64417e+00,6.29557e-01,6.31358e-01,6.25745e+00,2.56881e+00,2.73064e-01,1.15567e+00,4.39612e+00
5.84080e-01,3.71872e+01,1.37529e-01,6.89206e+01,1.67799e-01,7.76371e-01,3.98254e+00,6.47220e+01,2.36549e+00,3.08456e+01,6.53901e-01,5.48724e+01,1.63885e+00,6.29533e-01,6.27442e-01,6.08768e+00,2.52167e+00,2.72850e-01,1.13729e+00,4.55196e+00
5.83741e-01,3.70671e+01,1.37222e-01,7.10163e+01,1.67451e-01,7.64900e-01,3.90074e+00,6.50806e+01,2.36001e+00,3.08427e+01,6.37935e-01,5.60082e+01,1.63444e+00,6.29457e-01,6.24271e-01,5.92949e+00,2.47653e+00,2.72607e-01,1.11912e+00,4.68814e+00
5.83364e-01,3.69745e+01,1.36921e-01,7.49474e+01,1.67306e-01,7.54598e-01,3.81250e+00,6.47473e+01,2.35579e+00,3.07687e+01,6.22595e-01,5.72670e+01,1.63086e+00,6.29284e-01,6.21770e-01,5.78243e+00,2.43352e+00,2.72353e-01,1.10123e+00,4.79955e+00
5.82964e-01,3.69066e+01,1.36612e-01,8.08135e+01,1.67528e-01,7.45366e-01,3.71954e+00,6.39899e+01,2.35278e+00,3.06358e+01,6.07478e-01,5.86344e+01,1.62799e+00,6.30792e-01,6.19801e-01,5.64596e+00,2.39270e+00,2.72069e-01,1.08369e+00,4.88453e+00
5.83535e-01,3.68575e+01,1.36296e-01,8.77342e+01,1.68172e-01,7.37134e-01,3.62305e+00,6.29954e+01,2.35089e+00,3.04503e+01,5.92317e-01,6.00862e+01,1.62571e+00,6.31175e-01,6.18300e-01,5.51978e+00,2.35433e+00,2.71753e-01,1.06663e+00,4.94334e+00
5.83797e-01,3.68192e+01,1.35987e-01,9.43531e+01,1.69312e-01,7.29840e-01,3.52416e+00,6.18736e+01,2.34983e+00,3.02159e+01,5.76932e-01,6.15844e+01,1.62399e+00,6.31218e-01,6.17213e-01,5.40362e+00,2.31848e+00,2.71405e-01,1.05020e+00,4.97848e+00
5.83455e-01,3.67832e+01,1.35711e-01,9.95659e+01,1.71109e-01,7.23366e-01,3.42389e+00,6.06700e+01,2.34915e+00,2.99348e+01,5.61245e-01,6.30851e+01,1.62268e+00,6.31359e-01,6.16433e-01,5.29697e+00,2.28522e+00,2.71036e-01,1.03499e+00,4.99261e+00
5.83116e-01,3.67422e+01,1.35491e-01,1.02926e+02,1.74261e-01,7.17670e-01,3.32298e+00,5.93882e+01,2.34874e+00,2.96096e+01,5.45274e-01,6.45387e+01,1.62172e+00,6.31275e-01,6.15956e-01,5.19967e+00,2.25463e+00,2.70635e-01,1.02145e+00,4.99472e+00
5.83125e-01,3.66899e+01,1.35335e-01,1.04589e+02,1.80982e-01,7.12680e-01,3.22237e+00,5.80188e+01,2.34831e+00,2.92434e+01,5.29129e-01,6.59007e+01,1.62104e+00,6.30896e-01,6.15675e-01,5.11178e+00,2.22611e+00,2.70227e-01,1.00965e+00,4.98538e+00
5.83344e-01,3.66222e+01,1.35210e-01,1.04954e+02,1.96118e-01,7.08319e-01,3.12279e+00,5.65602e+01,2.34779e+00,2.88398e+01,5.12970e-01,6.71329e+01,1.62059e+00,6.30426e-01,6.15563e-01,5.03266e+00,2.19906e+00,2.69797e-01,9.99676e-01,4.96563e+00
5.83749e-01,3.65348e+01,1.35060e-01,1.04403e+02,2.24955e-01,7.04533e-01,3.02497e+00,5.50283e+01,2.34710e+00,2.84030e+01,4.97011e-01,6.82056e+01,1.62031e+00,6.30131e-01,6.15593e-01,4.96229e+00,2.17351e+00,2.69362e-01,9.91684e-01,4.93581e+00
5.84430e-01,3.64285e+01,1.34836e-01,1.03238e+02,2.65427e-01,7.01268e-01,2.92940e+00,5.34465e+01,2.34615e+00,2.79372e+01,4.81448e-01,6.91018e+01,1.62019e+00,6.30193e-01,6.15733e-01,4.90106e+00,2.14996e+00,2.68916e-01,9.85643e-01,4.89259e+00
5.85664e-01,3.63038e+01,1.34522e-01,1.01704e+02,3.04793e-01,6.98452e-01,2.83663e+00,5.18370e+01,2.34496e+00,2.74471e+01,4.66362e-01,6.98129e+01,1.62019e+00,6.30633e-01,6.15983e-01,4.84868e+00,2.12894e+00,2.68452e-01,9.81267e-01,4.83762e+00
5.87688e-01,3.61635e+01,1.34134e-01,9.99834e+01,3.30540e-01,6.96027e-01,2.74707e+00,5.02160e+01,2.34362e+00,2.69373e+01,4.51768e-01,7.03420e+01,1.62034e+00,6.31260e-01,6.16361e-01,4.80459e+00,2.11079e+00,2.67969e-01,9.78131e-01,4.77510e+00
5.90806e-01,3.60102e+01,1.33680e-01,9.81788e+01,3.39263e-01,6.93950e-01,2.66110e+00,4.85943e+01,2.34218e+00,2.64118e+01,4.37659e-01,7.06994e+01,1.62061e+00,6.31870e-01,6.17000e-01,4.76926e+00,2.09615e+00,2.67466e-01,9.75895e-01,4.70805e+00
5.95148e-01,3.58479e+01,1.33192e-01,9.63301e+01,3.34461e-01,6.92197e-01,2.57917e+00,4.69798e+01,2.34066e+00,2.58753e+01,4.24021e-01,7.09006e+01,1.62110e+00,6.32345e-01,6.18096e-01,4.74314e+00,2.08659e+00,2.66941e-01,9.74363e-01,4.63806e+00
6.00764e-01,3.56827e+01,1.32701e-01,9.44337e+01,3.21419e-01,6.90718e-01,2.50167e+00,4.53796e+01,2.33906e+00,2.53317e+01,4.10830e-01,7.09674e+01,1.62183e+00,6.32635e-01,6.19890e-01,4.72558e+00,2.08628e+00,2.66388e-01,9.73259e-01,4.56650e+00
6.07459e-01,3.55204e+01,1.32224e-01,9.24672e+01,3.04485e-01,6.89461e-01,2.42887e+00,4.38023e+01,2.33741e+00,2.47850e+01,3.98124e-01,7.09198e+01,1.62293e+00,6.32748e-01,6.22546e-01,4.71681e+00,2.10114e+00,2.65827e-01,9.72828e-01,4.49473e+00
6.14890e-01,3.53712e+01,1.31785e-01,9.04075e+01,2.86498e-01,6.88368e-01,2.36093e+00,4.22546e+01,2.33564e+00,2.42384e+01,3.85977e-01,7.07773e+01,1.62464e+00,6.32687e-01,6.26084e-01,4.71904e+00,2.13500e+00,2.65248e-01,9.73331e-01,4.42390e+00
6.22518e-01,3.52513e+01,1.31358e-01,8.82490e+01,2.69072e-01,6.87451e-01,2.29791e+00,4.07429e+01,2.33380e+00,2.36951e+01,3.74487e-01,7.05582e+01,1.62727e+00,6.32455e-01,6.30336e-01,4.73450e+00,2.18441e+00,2.64659e-01,9.75050e-01,4.35529e+00
6.29733e-01,3.51868e+01,1.30943e-01,8.60051e+01,2.52984e-01,6.86680e-01,2.23959e+00,3.92722e+01,2.33185e+00,2.31580e+01,3.63803e-01,7.02767e+01,1.63127e+00,6.32009e-01,6.35002e-01,4.76264e+00,2.23813e+00,2.64073e-01,9.78380e-01,4.28992e+00
6.35916e-01,3.52218e+01,1.30548e-01,8.37055e+01,2.38513e-01,6.85990e-01,2.18562e+00,3.78460e+01,2.32978e+00,2.26298e+01,3.54118e-01,6.99450e+01,1.63723e+00,6.31287e-01,6.39715e-01,4.80007e+00,2.28387e+00,2.63475e-01,9.83663e-01,4.22839e+00
6.40582e-01,3.54255e+01,1.30179e-01,8.13824e+01,2.25740e-01,6.85420e-01,2.13545e+00,3.64673e+01,2.32763e+00,2.21127e+01,3.45630e-01,6.95730e+01,1.64566e+00,6.30260e-01,6.44129e-01,4.84309e+00,2.31454e+00,2.62875e-01,9.91225e-01,4.17122e+00
6.43479e-01,3.58997e+01,1.29812e-01,7.90574e+01,2.14559e-01,6.84902e-01,2.08846e+00,3.51358e+01,2.32534e+00,2.16086e+01,3.38469e-01,6.91679e+01,1.65702e+00,6.28947e-01,6.48005e-01,4.88902e+00,2.33034e+00,2.62278e-01,1.00121e+00,4.11872e+00
6.44463e-01,3.67812e+01,1.29451e-01,7.67490e+01,2.04877e-01,6.84442e-01,2.04429e+00,3.38546e+01,2.32294e+00,2.11194e+01,3.32695e-01,6.87340e+01,1.67154e+00,6.27385e-01,6.51201e-01,4.93700e+00,2.33575e+00,2.61681e-01,1.01359e+00,4.07110e+00
6.43717e-01,3.82165e+01,1.29099e-01,7.44657e+01,1.96541e-01,6.84020e-01,2.00260e+00,3.26224e+01,2.32039e+00,2.06466e+01,3.28175e-01,6.82744e+01,1.68920e+00,6.25660e-01,6.53612e-01,4.98613e+00,2.33724e+00,2.61087e-01,1.02783e+00,4.02838e+00
6.41472e-01,4.03093e+01,1.28744e-01,7.22164e+01,1.89427e-01,6.83659e-01,1.96329e+00,3.14399e+01,2.31767e+00,2.01908e+01,3.24592e-01,6.77904e+01,1.70950e+00,6.23806e-01,6.55203e-01,5.03674e+00,2.34022e+00,2.60510e-01,1.04280e+00,3.99051e+00
6.38115e-01,4.30562e+01,1.28396e-01,7.00095e+01,1.83404e-01,6.83331e-01,1.92640e+00,3.03068e+01,2.31478e+00,1.97534e+01,3.21563e-01,6.72842e+01,1.73164e+00,6.21911e-01,6.59178e-01,5.09341e+00,2.34824e+00,2.59948e-01,1.05692e+00,3.95733e+00
6.34021e-01,4.63253e+01,1.28054e-01,6.78520e+01,1.78320e-01,6.83025e-01,1.89198e+00,2.92229e+01,2.31169e+00,1.93342e+01,3.18662e-01,6.67568e+01,1.75445e+00,6.20010e-01,6.60453e-01,5.19749e+00,2.36260e+00,2.59407e-01,1.06864e+00,3.92841e+00
6.29557e-01,4.98986e+01,1.27701e-01,6.57494e+01,1.74074e-01,6.82739e-01,1.86000e+00,2.81867e+01,2.30844e+00,1.89338e+01,3.15550e-01,6.62087e+01,1.77670e+00,6.18150e-01,6.60666e-01,5.49579e+00,2.38263e+00,2.58880e-01,1.07677e+00,3.90318e+00
6.25042e-01,5.35521e+01,1.27350e-01,6.37090e+01,1.70559e-01,6.82457e-01,1.83048e+00,2.71966e+01,2.30500e+00,1.85523e+01,3.12006e-01,6.56402e+01,1.79714e+00,6.16360e-01,6.61720e-01,6.14517e+00,2.40621e+00,2.58368e-01,1.08072e+00,3.88081e+00
6.20730e-01,5.71261e+01,1.27008e-01,6.17358e+01,1.67660e-01,6.82178e-01,1.80337e+00,2.62512e+01,2.30137e+00,1.81895e+01,3.07937e-01,6.50541e+01,1.81476e+00,6.14589e-01,6.64498e-01,6.83269e+00,2.43032e+00,2.57842e-01,1.08061e+00,3.86058e+00
6.16825e-01,6.05722e+01,1.26668e-01,5.98318e+01,1.65305e-01,6.81898e-01,1.77870e+00,2.53499e+01,2.29759e+00,1.78451e+01,3.03377e-01,6.44523e+01,1.82878e+00,6.12855e-01,6.70382e-01,7.09893e+00,2.45193e+00,2.57293e-01,1.07703e+00,3.84152e+00
6.13413e-01,6.39538e+01,1.26322e-01,5.79965e+01,1.63389e-01,6.81603e-01,1.75648e+00,2.44886e+01,2.29365e+00,1.75182e+01,2.98457e-01,6.38378e+01,1.83877e+00,6.11129e-01,6.81005e-01,7.06372e+00,2.46850e+00,2.56710e-01,1.07091e+00,3.82274e+00
6.10573e-01,6.74065e+01,1.25978e-01,5.62307e+01,1.61827e-01,6.81465e-01,1.73684e+00,2.36680e+01,2.28957e+00,1.72088e+01,2.93316e-01,6.32141e+01,1.84472e+00,6.09409e-01,6.97670e-01,7.00137e+00,2.47806e+00,2.56082e-01,1.06313e+00,3.80371e+00
6.08272e-01,7.10656e+01,1.25631e-01,5.45309e+01,1.60563e-01,6.84078e-01,1.72000e+00,2.28858e+01,2.28533e+00,1.69160e+01,2.88096e-01,6.25864e+01,1.84682e+00,6.07680e-01,7.20457e-01,7.04975e+00,2.47988e+00,2.55400e-01,1.05455e+00,3.78386e+00
6.06503e-01,7.49931e+01,1.25280e-01,5.28972e+01,1.59547e-01,7.07933e-01,1.70590e+00,2.21399e+01,2.28096e+00,1.66389e+01,2.82966e-01,6.19595e+01,1.84550e+00,6.05935e-01,7.47848e-01,7.23773e+00,2.47406e+00,2.54660e-01,1.04606e+00,3.76296e+00
6.05175e-01,7.91308e+01,1.24934e-01,5.13243e+01,1.58722e-01,7.87091e-01,1.69445e+00,2.14295e+01,2.27644e+00,1.63769e+01,2.78019e-01,6.13430e+01,1.84131e+00,6.04194e-01,7.76921e-01,7.51528e+00,2.46134e+00,2.53867e-01,1.03808e+00,3.74083e+00
6.04152e-01,8.33110e+01,1.24589e-01,4.98114e+01,1.58038e-01,8.96432e-01,1.68553e+00,2.07532e+01,2.27178e+00,1.61294e+01,2.73338e-01,6.07473e+01,1.83486e+00,6.02466e-01,8.04243e-01,7.79486e+00,2.44305e+00,2.53050e-01,1.03112e+00,3.71728e+00
6.03321e-01,8.73021e+01,1.24234e-01,4.83568e+01,1.57469e-01,9.70042e-01,1.67894e+00,2.01097e+01,2.26702e+00,1.58956e+01,2.69002e-01,6.01885e+01,1.82676e+00,6.00756e-01,8.27006e-01,8.01121e+00,2.42059e+00,2.52199e-01,1.02538e+00,3.69255e+00
6.02519e-01,9.08711e+01,1.23882e-01,4.69575e+01,1.56978e-01,9.89169e-01,1.67463e+00,1.94982e+01,2.26216e+00,1.56746e+01,2.65086e-01,5.96909e+01,1.81751e+00,5.99076e-01,8.43628e-01,8.14393e+00,2.39535e+00,2.51340e-01,1.02094e+00,3.66660e+00
6.01633e-01,9.38354e+01,1.23540e-01,4.56134e+01,1.56551e-01,9.70543e-01,1.67301e+00,1.89173e+01,2.25721e+00,1.54654e+01,2.61679e-01,5.92885e+01,1.80750e+00,5.97424e-01,8.53781e-01,8.20325e+00,2.36862e+00,2.50472e-01,1.01779e+00,3.63951e+00
6.00525e-01,9.60926e+01,1.23199e-01,4.43232e+01,1.56181e-01,9.34190e-01,1.67497e+00,1.83661e+01,2.25216e+00,1.52677e+01,2.58922e-01,5.90297e+01,1.79702e+00,5.95795e-01,8.58055e-01,8.21366e+00,2.34139e+00,2.49615e-01,1.01582e+00,3.61154e+00
5.99137e-01,9.76254e+01,1.22858e-01,4.30849e+01,1.55831e-01,8.93356e-01,1.68200e+00,1.78430e+01,2.24701e+00,1.50803e+01,2.56977e-01,5.89765e+01,1.78627e+00,5.94192e-01,8.57514e-01,8.22224e+00,2.31436e+00,2.48764e-01,1.01465e+00,3.58280e+00
5.97372e-01,9.84840e+01,1.22517e-01,4.18984e+01,1.55497e-01,8.54646e-01,1.69673e+00,1.73479e+01,2.24183e+00,1.49026e+01,2.56038e-01,5.92059e+01,1.77536e+00,5.92634e-01,8.53221e-01,8.35308e+00,2.28809e+00,2.47931e-01,1.01419e+00,3.55328e+00
5.95237e-01,9.87598e+01,1.22170e-01,4.07628e+01,1.55169e-01,8.20671e-01,1.72315e+00,1.68808e+01,2.23657e+00,1.47340e+01,2.56286e-01,5.98011e+01,1.76429e+00,5.91082e-01,8.46158e-01,8.84921e+00,2.26282e+00,2.47103e-01,1.01400e+00,3.52337e+00
5.92735e-01,9.85599e+01,1.21825e-01,3.96752e+01,1.54845e-01,7.91949e-01,1.76696e+00,1.64411e+01,2.23122e+00,1.45743e+01,2.57794e-01,6.08356e+01,1.75311e+00,5.89562e-01,8.37168e-01,9.84977e+00,2.23884e+00,2.46282e-01,1.01375e+00,3.49305e+00
5.89881e-01,9.79878e+01,1.21487e-01,3.86355e+01,1.54519e-01,7.68123e-01,1.83475e+00,1.60283e+01,2.22584e+00,1.44224e+01,2.60526e-01,6.23595e+01,1.74176e+00,5.88057e-01,8.26948e-01,1.10643e+01,2.21620e+00,2.45466e-01,1.01318e+00,3.46271e+00
5.86741e-01,9.71377e+01,1.21149e-01,3.76403e+01,1.54191e-01,7.48556e-01,1.93092e+00,1.56430e+01,2.22043e+00,1.42777e+01,2.64380e-01,6.43864e+01,1.73031e+00,5.86567e-01,8.16118e-01,1.20421e+01,2.19484e+00,2.44663e-01,1.01197e+00,3.43240e+00
5.83375e-01,9.60897e+01,1.20802e-01,3.66899e+01,1.53864e-01,7.32569e-01,2.05269e+00,1.52845e+01,2.21497e+00,1.41397e+01,2.69161e-01,6.68917e+01,1.71873e+00,5.85095e-01,8.05088e-01,1.26137e+01,2.17473e+00,2.43864e-01,1.01001e+00,3.40249e+00
5.79844e-01,9.49141e+01,1.20455e-01,3.57814e+01,1.53527e-01,7.19510e-01,2.18689e+00,1.49510e+01,2.20946e+00,1.40084e+01,2.74664e-01,6.98234e+01,1.70707e+00,5.83636e-01,7.94143e-01,1.28460e+01,2.15588e+00,2.43090e-01,1.00711e+00,3.37312e+00
5.76250e-01,9.36644e+01,1.20117e-01,3.49144e+01,1.53179e-01,7.08821e-01,2.31320e+00,1.46403e+01,2.20393e+00,1.38829e+01,2.80724e-01,7.31165e+01,1.69543e+00,5.82175e-01,7.83368e-01,1.28507e+01,2.13818e+00,2.42328e-01,1.00318e+00,3.34457e+00
5.72657e-01,9.23833e+01,1.19785e-01,3.40874e+01,1.53911e-01,7.04296e-01,2.41356e+00,1.43512e+01,2.19837e+00,1.37774e+01,2.87445e-01,7.67112e+01,1.68389e+00,5.80720e-01,7.86864e-01,1.27125e+01,2.12160e+00,2.41566e-01,9.98347e-01,3.31696e+00
5.69107e-01,9.11428e+01,1.21000e-01,3.33046e+01,1.58712e-01,7.04935e-01,2.48288e+00,1.40890e+01,2.19465e+00,1.37157e+01,3.51254e-01,8.06214e+01,1.67257e+00,5.79616e-01,8.08118e-01,1.24862e+01,2.10675e+00,2.42870e-01,1.09655e+00,3.29037e+00
5.66018e-01,9.03036e+01,1.25089e-01,3.25777e+01,1.75109e-01,1.16558e+00,2.61012e+00,1.38774e+01,2.19194e+00,1.38129e+01,6.95800e-01,8.48780e+01,1.66150e+00,5.78503e-01,1.06817e+00,1.22059e+01,2.09399e+00,2.43656e-01,1.78404e+00,3.26514e+00
5.63068e-01,8.94125e+01,1.30515e-01,3.19276e+01,2.18425e-01,3.11480e+00,3.26319e+00,1.37620e+01,2.18982e+00,1.43151e+01,1.15665e+00,8.94782e+01,1.65115e+00,5.77415e-01,1.88849e+00,1.18936e+01,2.08252e+00,2.44880e-01,3.18042e+00,3.24116e+00
5.60201e-01,8.84439e+01,1.35881e-01,3.13550e+01,2.87198e-01,6.46487e+00,4.19099e+00,1.37150e+01,2.18817e+00,1.54422e+01,1.41826e+00,9.42365e+01,1.64110e+00,5.76450e-01,2.94210e+00,1.15617e+01,2.07200e+00,2.47662e-01,5.42406e+00,3.21860e+00
5.57533e-01,8.78423e+01,1.39817e-01,3.08084e+01,3.62859e-01,1.12734e+01,5.23939e+00,1.36427e+01,2.18661e+00,1.70598e+01,1.57910e+00,9.90850e+01,1.63154e+00,5.75683e-01,4.07567e+00,1.12187e+01,2.06233e+00,2.51386e-01,9.74283e+00,3.19734e+00
5.55220e-01,8.79186e+01,1.42671e-01,3.02994e+01,4.33410e-01,2.39211e+01,6.86654e+00,1.35415e+01,2.18520e+00,1.90921e+01,1.65030e+00,1.04034e+02,1.62303e+00,5.75155e-01,4.92642e+00,1.08709e+01,2.05369e+00,2.55042e-01,1.31721e+01,3.17740e+00
5.53371e-01,8.89057e+01,1.44778e-01,2.98711e+01,4.77938e-01,3.29543e+01,8.95621e+00,1.34382e+01,2.18428e+00,2.18220e+01,1.58355e+00,1.08955e+02,1.61479e+00,5.74815e-01,5.15292e+00,1.05232e+01,2.04564e+00,2.58199e-01,1.31885e+01,3.15879e+00
5.52010e-01,9.07355e+01,1.46539e-01,2.95455e+01,4.85703e-01,3.12109e+01,1.03446e+01,1.33295e+01,2.18405e+00,2.56262e+01,1.44144e+00,1.13586e+02,1.60706e+00,5.74685e-01,4.97526e+00,1.01798e+01,2.03782e+00,2.61028e-01,1.13833e+01,3.14141e+00
5.51051e-01,9.30640e+01,1.47322e-01,2.93337e+01,4.70404e-01,2.56214e+01,1.09125e+01,1.32158e+01,2.18445e+00,3.07702e+01,1.29242e+00,1.17693e+02,1.59986e+00,5.74899e-01,4.70046e+00,9.84380e+00,2.03045e+00,2.63603e-01,9.32153e+00,3.12538e+00
5.50384e-01,9.56617e+01,1.46970e-01,2.92684e+01,4.49190e-01,2.08555e+01,1.08856e+01,1.31076e+01,2.18539e+00,3.73454e+01,1.16978e+00,1.21181e+02,1.59314e+00,5.75503e-01,4.43847e+00,9.51883e+00,2.02394e+00,2.65645e-01,7.64002e+00,3.11055e+00
5.49896e-01,9.82519e+01,1.45621e-01,2.94521e+01,4.31226e-01,1.88905e+01,1.12614e+01,1.30289e+01,2.18665e+00,4.53790e+01,1.08291e+00,1.24038e+02,1.58692e+00,5.76379e-01,4.24246e+00,9.20785e+00,2.01861e+00,2.66763e-01,6.46654e+00,3.09670e+00
5.49600e-01,1.00268e+02,1.44016e-01,3.00307e+01,4.18756e-01,2.07321e+01,1.86773e+01,1.30255e+01,2.18815e+00,5.44026e+01,1.02888e+00,1.26249e+02,1.58122e+00,5.77340e-01,4.23429e+00,8.91333e+00,2.01455e+00,2.66699e-01,5.72090e+00,3.08380e+00
5.49512e-01,1.01138e+02,1.43029e-01,3.10709e+01,4.09811e-01,2.45916e+01,4.43358e+01,1.31636e+01,2.18963e+00,6.24750e+01,1.00589e+00,1.27843e+02,1.57606e+00,5.78267e-01,4.57728e+00,8.63649e+00,2.01153e+00,2.65474e-01,5.26244e+00,3.07188e+00
5.49650e-01,1.00664e+02,1.43376e-01,3.24846e+01,4.00914e-01,2.71604e+01,6.68393e+01,1.34969e+01,2.19088e+00,6.75051e+01,1.02659e+00,1.29013e+02,1.57134e+00,5.79108e-01,5.31299e+00,8.37880e+00,2.00931e+00,2.63370e-01,4.97181e+00,3.06079e+00
5.50026e-01,9.90595e+01,1.45288e-01,3.40650e+01,3.89463e-01,2.73954e+01,7.83420e+01,1.40159e+01,2.19154e+00,6.92685e+01,1.12231e+00,1.30121e+02,1.56701e+00,5.79930e-01,6.26625e+00,8.14109e+00,2.00759e+00,2.60845e-01,4.76105e+00,3.05063e+00
5.50569e-01,9.67510e+01,1.48262e-01,3.55393e+01,3.74786e-01,2.59043e+01,8.21880e+01,1.46416e+01,2.19138e+00,6.90427e+01,1.32142e+00,1.31561e+02,1.56303e+00,5.80817e-01,7.34838e+00,7.92317e+00,2.00632e+00,2.58399e-01,4.56005e+00,3.04128e+00
5.51168e-01,9.41550e+01,1.51266e-01,3.67336e+01,3.57633e-01,2.35125e+01,8.09744e+01,1.52736e+01,2.19020e+00,6.81822e+01,1.60043e+00,1.33588e+02,1.55934e+00,5.81860e-01,9.13137e+00,7.72478e+00,2.00549e+00,2.56549e-01,4.32535e+00,3.03278e+00
5.51695e-01,9.15427e+01,1.53291e-01,3.84784e+01,3.39273e-01,2.08196e+01,7.68890e+01,1.58469e+01,2.18806e+00,6.72168e+01,1.88048e+00,1.36258e+02,1.55588e+00,5.83079e-01,1.25847e+01,7.54496e+00,2.00510e+00,2.55822e-01,4.04868e+00,3.02497e+00
5.52053e-01,8.90283e+01,1.53786e-01,4.58799e+01,3.20757e-01,1.81805e+01,7.16032e+01,1.63610e+01,2.18508e+00,6.58564e+01,2.09605e+00,1.39485e+02,1.55258e+00,5.84402e-01,1.67868e+01,7.38231e+00,2.00503e+00,2.56792e-01,3.74556e+00,3.01788e+00
5.52153e-01,8.66544e+01,1.52704e-01,6.54363e+01,3.02820e-01,1.57776e+01,6.60544e+01,1.68732e+01,2.18145e+00,6.36355e+01,2.23667e+00,1.43164e+02,1.54942e+00,5.85743e-01,1.94519e+01,7.23476e+00,2.00509e+00,2.60012e-01,3.43779e+00,3.01143e+00
5.51989e-01,8.44459e+01,1.50354e-01,8.72895e+01,2.85844e-01,1.36859e+01,6.05533e+01,1.74613e+01,2.17741e+00,6.04220e+01,2.32883e+00,1.47250e+02,1.54637e+00,5.86981e-01,2.00078e+01,7.09944e+00,2.00495e+00,2.65824e-01,3.14316e+00,3.00550e+00
5.51544e-01,8.24269e+01,1.47155e-01,1.01078e+02,2.70047e-01,1.19213e+01,5.51785e+01,1.81665e+01,2.17309e+00,5.64225e+01,2.41992e+00,1.51735e+02,1.54339e+00,5.88023e-01,1.92396e+01,6.97437e+00,2.00435e+00,2.74234e-01,2.87296e+00,3.00023e+00
5.50839e-01,8.05864e+01,1.43507e-01,1.07532e+02,2.55505e-01,1.04660e+01,5.00043e+01,1.89522e+01,2.16863e+00,5.19893e+01,2.63837e+00,1.56551e+02,1.54049e+00,5.88790e-01,1.78799e+01,6.85787e+00,2.00313e+00,2.84701e-01,2.63258e+00,2.99552e+00
5.49913e-01,7.88597e+01,1.39777e-01,1.09024e+02,2.42237e-01,9.28689e+00,4.51199e+01,1.97183e+01,2.16406e+00,4.74544e+01,3.50270e+00,1.61496e+02,1.53760e+00,5.89193e-01,1.63040e+01,6.74916e+00,2.00116e+00,2.96128e-01,2.42324e+00,2.99145e+00
5.48784e-01,7.71490e+01,1.36165e-01,1.07335e+02,2.30267e-01,8.34186e+00,4.05997e+01,2.03657e+01,2.15943e+00,4.30696e+01,6.14325e+00,1.66279e+02,1.53479e+00,5.89179e-01,1.47037e+01,6.64786e+00,1.99836e+00,3.07187e-01,2.24356e+00,2.98779e+00
5.47495e-01,7.53733e+01,1.32841e-01,1.03822e+02,2.19590e-01,7.58592e+00,3.64932e+01,2.08593e+01,2.15477e+00,3.89972e+01,1.04659e+01,1.70586e+02,1.53195e+00,5.88736e-01,1.31862e+01,6.55412e+00,1.99470e+00,3.16585e-01,2.09078e+00,2.98479e+00
5.46062e-01,7.34960e+01,1.29881e-01,9.93914e+01,2.10177e-01,6.97508e+00,3.28285e+01,2.12776e+01,2.15008e+00,3.53209e+01,1.46080e+01,1.74152e+02,1.52911e+00,5.87896e-01,1.18073e+01,6.46830e+00,1.99022e+00,3.23334e-01,1.96175e+00,2.98238e+00
