2.96430e+05,3.15945e+05,2.78924e+05,3.20227e+05,2.73098e+05,3.13062e+05,3.22476e+05,3.22481e+05,3.02025e+05,2.96664e+05,3.12191e+05,2.90617e+05,3.03810e+05,3.05388e+05,3.26294e+05,3.18438e+05,3.02269e+05,3.06265e+05,3.02739e+05,3.08554e+05
6.93889e-18,6.93889e-18,6.93889e-18,6.93889e-18,6.93889e-18,6.93889e-18,6.93889e-18,6.93889e-18,6.93889e-18,6.93889e-18,6.93889e-18,6.93889e-18,6.93889e-18,6.93889e-18,6.93889e-18,6.93889e-18,6.93889e-18,6.93889e-18,6.93889e-18,6.93889e-18
2.42861e-17,5.20417e-18,4.85723e-17,9.80000e-09,3.81639e-17,1.73472e-17,3.46945e-17,2.08167e-17,3.12250e-17,1.90820e-17,2.42861e-17,1.90820e-17,2.77556e-17,2.42861e-17,3.46945e-18,4.43959e-09,4.16334e-17,2.25514e-17,6.24500e-17,1.21431e-17
4.16334e-17,1.56125e-17,6.93889e-17,7.05620e-09,4.16334e-17,5.89806e-17,3.46945e-17,2.77556e-17,4.51028e-17,2.60209e-17,5.89806e-17,1.73472e-17,4.85723e-17,1.73472e-17,3.46945e-17,3.46945e-18,1.04083e-17,2.42861e-17,1.38778e-16,3.12250e-17
6.24500e-17,1.21431e-17,1.38778e-17,1.61155e-08,1.38778e-16,6.24500e-17,2.08167e-17,1.38778e-17,1.38778e-17,4.16334e-17,4.16334e-17,0.00000e+00,2.42861e-17,4.85723e-17,2.42861e-17,4.43959e-09,8.32667e-17,2.42861e-17,6.93889e-17,1.38778e-17
1.38778e-17,1.90820e-17,6.93889e-17,2.80000e-09,2.35922e-16,2.77556e-17,4.85723e-17,2.08167e-17,1.38778e-17,8.32667e-17,1.38778e-17,2.17945e-09,4.85723e-17,4.85723e-17,1.73472e-17,4.43959e-09,6.24500e-17,2.42861e-17,1.11022e-16,6.24500e-17
4.16334e-17,1.73472e-17,1.94289e-16,1.83347e-08,2.35922e-16,6.93889e-18,1.24900e-16,6.93889e-18,6.24500e-17,8.32667e-17,2.08167e-17,2.25514e-17,6.93889e-17,2.08167e-17,2.42861e-17,1.77584e-08,6.93889e-18,4.85723e-17,1.94289e-16,2.77556e-17
4.16334e-17,0.00000e+00,1.94289e-16,1.98341e-08,1.94289e-16,8.32667e-17,0.00000e+00,7.63278e-17,1.24900e-16,1.66533e-16,6.24500e-17,1.73472e-17,6.93889e-18,1.38778e-17,0.00000e+00,1.24900e-16,0.00000e+00,1.04083e-16,2.22045e-16,3.46945e-17
1.38778e-17,2.08167e-17,5.55112e-17,3.06743e-08,3.33067e-16,1.24900e-16,1.38778e-16,6.93889e-18,1.66533e-16,1.11022e-16,4.16334e-17,1.04083e-17,8.32667e-17,2.08167e-16,1.04083e-17,8.32667e-17,0.00000e+00,6.93889e-18,8.32667e-17,8.32667e-17
4.16334e-17,4.16334e-17,4.16334e-16,5.29274e-08,1.38778e-16,4.16334e-17,1.52656e-16,4.85723e-17,4.16334e-17,7.77156e-16,2.77556e-17,2.08167e-17,9.71445e-17,1.66533e-16,2.77556e-17,4.43959e-08,4.85723e-17,6.93889e-18,1.66533e-16,4.16334e-17
6.93889e-17,3.46945e-17,1.38778e-16,1.44726e-07,2.77556e-16,1.24900e-16,6.93889e-17,1.11022e-16,1.38778e-17,3.33067e-16,9.71445e-17,2.17945e-09,6.93889e-18,1.38778e-17,2.77556e-17,4.43959e-08,6.24500e-17,9.71445e-17,2.49800e-16,9.71445e-17
4.16334e-17,6.93889e-17,8.32667e-17,3.40570e-07,2.22045e-16,2.22045e-16,1.38778e-17,9.71445e-17,1.24900e-16,6.10623e-16,1.38778e-17,2.77556e-17,2.08167e-17,1.24900e-16,4.16334e-17,4.43959e-08,9.02056e-17,9.71445e-17,6.10623e-16,9.71445e-17
1.66533e-16,9.71445e-17,1.11022e-16,4.80561e-07,3.33067e-16,1.66533e-16,1.38778e-17,1.52656e-16,6.93889e-17,4.43959e-08,1.24900e-16,4.16334e-17,5.55112e-17,8.32667e-17,2.77556e-17,4.43959e-08,5.55112e-17,1.94289e-16,3.33067e-16,1.80411e-16
1.11022e-16,0.00000e+00,1.11022e-16,5.78149e-07,3.33067e-16,3.60822e-16,5.55112e-17,6.93889e-17,8.32667e-17,8.87919e-08,1.80411e-16,2.17945e-09,5.55112e-17,2.77556e-16,6.93889e-17,5.55112e-17,6.24500e-17,1.38778e-17,3.88578e-16,1.94289e-16
8.32667e-17,1.11022e-16,1.66533e-16,6.43292e-07,2.77556e-16,2.22045e-16,1.80411e-16,1.52656e-16,1.38778e-16,2.66376e-07,1.11022e-16,2.17945e-09,1.11022e-16,3.05311e-16,6.24500e-17,5.55112e-17,1.24900e-16,8.32667e-17,6.10623e-16,2.77556e-16
0.00000e+00,1.38778e-16,1.94289e-16,6.68140e-07,4.44089e-16,3.33067e-16,1.38778e-16,0.00000e+00,2.49800e-16,4.88355e-07,6.93889e-17,2.77556e-17,9.71445e-17,1.94289e-16,3.46945e-17,8.32667e-17,0.00000e+00,2.22045e-16,2.22045e-16,1.66533e-16
3.33067e-16,3.60822e-16,2.22045e-16,7.91492e-07,6.10623e-16,3.33067e-16,2.22045e-16,1.11022e-16,8.32667e-17,7.10335e-07,1.38778e-16,2.17945e-09,6.93889e-18,3.05311e-16,1.04083e-16,4.44089e-16,1.11022e-16,2.22045e-16,7.77156e-16,1.38778e-16
4.44089e-16,3.88578e-16,1.38778e-16,9.19771e-07,5.55112e-16,6.10623e-16,3.05311e-16,1.11022e-16,2.77556e-17,9.76711e-07,4.16334e-17,2.17945e-09,4.16334e-17,4.71845e-16,1.11022e-16,5.27356e-16,2.22045e-16,5.55112e-17,7.21645e-16,4.44089e-16
7.77156e-16,2.49800e-16,3.33067e-16,1.11682e-06,3.88578e-16,5.55112e-16,2.77556e-16,2.77556e-17,2.49800e-16,1.19756e-06,1.24900e-16,2.17945e-09,4.16334e-17,2.22045e-16,7.63278e-17,5.55112e-16,1.66533e-16,0.00000e+00,4.44089e-16,2.77556e-17
7.77156e-16,2.77556e-17,1.11022e-16,1.19063e-06,3.88578e-16,5.55112e-17,1.11022e-16,8.32667e-17,4.44089e-16,1.37513e-06,6.93889e-17,2.17945e-09,0.00000e+00,2.77556e-16,8.32667e-17,3.60822e-16,0.00000e+00,8.32667e-17,1.11022e-16,5.55112e-17
7.77156e-16,2.77556e-16,1.52656e-16,1.22608e-06,3.88578e-16,2.77556e-16,1.66533e-16,1.38778e-16,1.11022e-16,1.46202e-06,6.93889e-17,9.71445e-17,1.94289e-16,6.66134e-16,8.32667e-17,6.10623e-16,8.32667e-17,5.55112e-17,5.55112e-17,8.32667e-17
4.44089e-16,2.77556e-16,1.38778e-17,1.19147e-06,5.55112e-16,0.00000e+00,2.22045e-16,1.52656e-16,4.44089e-16,1.46908e-06,1.38778e-17,0.00000e+00,1.94289e-16,0.00000e+00,9.71445e-17,3.88578e-16,4.16334e-17,1.94289e-16,0.00000e+00,3.33067e-16
9.99201e-16,1.38778e-16,2.08167e-16,1.41242e-06,6.10623e-16,5.55112e-17,3.88578e-16,9.71445e-17,3.88578e-16,1.43839e-06,6.93889e-17,3.60822e-16,2.77556e-17,3.33067e-16,4.16334e-17,4.99600e-16,1.66533e-16,1.80411e-16,6.66134e-16,2.22045e-16
0.00000e+00,1.66533e-16,2.08167e-16,1.90791e-06,8.88178e-16,2.77556e-17,2.22045e-16,1.94289e-16,5.55112e-16,1.28590e-06,1.38778e-17,3.33067e-16,8.32667e-17,3.33067e-16,1.24900e-16,9.43690e-16,2.77556e-17,2.08167e-16,9.99201e-16,0.00000e+00
1.22125e-15,1.38778e-16,1.80411e-16,2.12797e-06,5.55112e-16,3.33067e-16,1.38778e-16,4.16334e-17,3.88578e-16,1.08983e-06,2.35922e-16,5.55112e-17,2.49800e-16,4.99600e-16,0.00000e+00,2.77556e-16,0.00000e+00,1.80411e-16,1.11022e-15,6.10623e-16
1.11022e-15,1.66533e-16,4.16334e-17,2.21050e-06,2.77556e-16,4.99600e-16,8.32667e-17,5.55112e-17,3.88578e-16,7.10000e-07,1.11022e-16,4.44089e-16,3.88578e-16,1.11022e-16,1.52656e-16,9.99201e-16,1.94289e-16,2.49800e-16,5.55112e-16,5.55112e-16
1.11022e-16,2.49800e-16,4.16334e-17,2.41569e-06,0.00000e+00,2.77556e-17,3.05311e-16,9.71445e-17,4.44089e-16,5.64184e-07,1.38778e-16,4.44089e-16,0.00000e+00,7.21645e-16,6.93889e-17,3.88578e-16,2.77556e-17,4.16334e-17,6.66134e-16,6.10623e-16
0.00000e+00,1.11022e-16,1.66533e-16,2.47846e-06,4.44089e-16,3.33067e-16,1.66533e-16,1.38778e-16,7.21645e-16,1.42484e-06,1.66533e-16,6.10623e-16,5.55112e-16,7.77156e-16,2.22045e-16,6.66134e-16,3.33067e-16,2.77556e-17,0.00000e+00,3.88578e-16
9.99201e-16,5.55112e-17,9.71445e-17,2.05876e-06,3.33067e-16,2.77556e-17,0.00000e+00,1.66533e-16,5.55112e-16,2.79865e-06,6.93889e-17,6.10623e-16,3.88578e-16,3.33067e-16,6.93889e-17,4.44089e-16,2.77556e-16,1.52656e-16,7.77156e-16,6.10623e-16
6.66134e-16,1.66533e-16,9.71445e-17,1.49254e-06,7.21645e-16,1.38778e-16,2.77556e-16,1.52656e-16,6.66134e-16,5.31213e-06,2.77556e-17,4.44089e-16,7.21645e-16,3.33067e-16,2.49800e-16,4.99600e-16,1.94289e-16,1.38778e-17,1.11022e-15,6.10623e-16
2.22045e-16,4.16334e-16,1.38778e-16,1.74726e-06,5.55112e-17,1.38778e-16,1.11022e-16,1.66533e-16,7.21645e-16,4.67335e-06,4.16334e-17,4.99600e-16,1.66533e-16,5.55112e-16,3.05311e-16,7.77156e-16,1.66533e-16,1.38778e-16,1.22125e-15,8.32667e-16
1.11022e-15,5.55112e-17,1.38778e-16,2.22602e-06,3.88578e-16,1.11022e-16,3.05311e-16,1.24900e-16,4.44089e-16,4.13158e-06,9.71445e-17,1.11022e-16,2.77556e-16,0.00000e+00,2.77556e-16,3.00000e-08,2.22045e-16,3.05311e-16,3.33067e-16,3.88578e-16
1.44329e-15,1.11022e-16,4.16334e-17,2.38015e-06,1.94289e-16,2.22045e-16,4.71845e-16,5.55112e-17,2.22045e-16,4.85403e-06,9.71445e-17,7.77156e-16,2.22045e-16,0.00000e+00,3.88578e-16,2.37487e-08,4.71845e-16,1.66533e-16,7.77156e-16,0.00000e+00
4.44089e-16,3.33067e-16,9.71445e-17,3.33262e-06,3.05311e-16,1.11022e-16,5.55112e-17,1.94289e-16,4.44089e-16,4.49407e-06,1.66533e-16,4.58258e-08,3.33067e-16,6.10623e-16,1.66533e-16,1.70587e-08,8.32667e-17,1.94289e-16,1.22125e-15,4.44089e-16
1.44329e-15,1.94289e-16,6.93889e-17,4.68355e-06,3.33067e-16,3.88578e-16,2.77556e-17,1.66533e-16,1.16573e-15,4.11103e-06,1.11022e-16,1.11022e-15,2.22045e-16,8.32667e-16,3.33067e-16,6.17333e-08,6.10623e-16,2.49800e-16,0.00000e+00,5.55112e-16
7.77156e-16,3.33067e-16,8.32667e-17,5.20033e-06,2.22045e-16,5.55112e-17,1.94289e-16,0.00000e+00,1.11022e-15,4.10701e-06,8.32667e-17,6.66134e-16,1.66533e-16,6.10623e-16,2.77556e-16,4.99804e-07,4.96387e-08,8.32667e-17,1.11022e-16,7.21645e-16
1.22125e-15,2.77556e-17,1.24900e-16,5.57066e-06,2.49800e-16,3.60822e-16,2.77556e-16,2.22045e-16,7.77156e-16,4.54236e-06,1.24900e-16,2.22045e-16,8.32667e-16,6.66134e-16,4.16334e-16,1.98184e-06,2.39272e-07,2.77556e-16,9.99201e-16,1.33227e-15
9.99201e-16,4.71845e-16,1.24900e-16,6.15487e-06,2.77556e-17,4.16334e-16,1.94289e-16,1.66533e-16,7.21645e-16,6.52134e-06,1.66533e-16,1.11022e-16,6.10623e-16,9.99201e-16,3.33067e-16,3.51100e-06,6.76651e-07,3.33067e-16,9.99201e-16,1.11022e-15
3.33067e-16,2.22045e-16,5.55112e-17,6.61419e-06,3.60822e-16,1.11022e-16,3.05311e-16,2.49800e-16,1.22125e-15,8.28542e-06,5.55112e-17,2.22045e-16,1.11022e-15,1.05471e-15,7.21645e-16,3.30613e-06,1.16553e-06,5.55112e-17,0.00000e+00,6.66134e-16
1.44329e-15,2.77556e-17,9.71445e-17,7.95332e-06,4.71845e-16,4.16334e-16,0.00000e+00,3.60822e-16,6.66134e-16,1.22402e-05,1.11022e-16,9.99201e-16,1.11022e-15,5.55112e-16,3.88578e-16,4.53628e-06,1.50012e-06,2.77556e-17,5.55112e-16,1.33227e-15
6.66134e-16,4.99600e-16,1.52656e-16,7.47454e-06,3.33067e-16,2.22045e-16,3.33067e-16,3.60822e-16,8.88178e-16,1.07852e-05,2.22045e-16,4.85386e-08,3.33067e-16,5.55112e-17,9.43690e-16,6.23502e-06,1.52592e-06,3.05311e-16,5.55112e-16,8.88178e-16
1.22125e-15,4.99600e-16,1.38778e-16,7.47459e-06,4.16334e-16,1.66533e-16,2.77556e-17,1.11022e-16,9.99201e-16,1.00981e-05,9.71445e-17,7.77156e-16,8.88178e-16,5.55112e-16,6.10623e-16,6.17778e-06,1.69953e-06,8.32667e-17,8.88178e-16,3.33067e-16
1.22125e-15,3.33067e-16,6.93889e-17,8.12537e-06,1.11022e-16,0.00000e+00,2.77556e-16,8.32667e-17,1.11022e-15,9.19763e-06,8.32667e-17,1.95959e-08,6.66134e-16,2.22045e-16,1.66533e-16,5.64594e-06,1.97301e-06,5.55112e-17,6.66134e-16,8.88178e-16
7.77156e-16,3.33067e-16,9.71445e-17,9.03120e-06,3.05311e-16,6.66134e-16,3.88578e-16,4.99600e-16,4.44089e-16,7.34882e-06,8.32667e-17,1.11022e-15,1.22125e-15,1.11022e-16,8.32667e-16,4.24109e-06,2.61201e-06,5.55112e-17,1.33227e-15,1.22125e-15
5.55112e-16,3.88578e-16,1.38778e-17,8.84582e-06,1.94289e-16,8.32667e-16,2.77556e-16,2.77556e-16,1.11022e-16,7.92638e-06,5.55112e-17,2.66454e-15,5.55112e-16,8.88178e-16,0.00000e+00,5.37593e-06,2.80225e-06,2.22045e-16,1.11022e-16,9.99201e-16
1.22125e-15,2.77556e-16,0.00000e+00,8.54374e-06,8.32667e-17,4.44089e-16,3.88578e-16,4.99600e-16,7.77156e-16,1.09210e-05,1.38778e-16,6.66134e-16,3.33067e-16,6.66134e-16,6.66134e-16,5.57691e-06,4.88359e-06,8.32667e-17,4.44089e-16,2.44249e-15
8.88178e-16,5.55112e-16,1.66533e-16,9.92414e-06,2.22045e-16,4.44089e-16,6.66134e-16,5.55112e-16,4.44089e-16,1.17986e-05,1.66533e-16,1.77636e-15,8.88178e-16,7.77156e-16,4.44089e-16,6.28068e-06,9.26116e-06,3.05311e-16,4.44089e-16,1.11022e-15
6.66134e-16,7.77156e-16,5.55112e-17,9.98862e-06,2.77556e-17,4.99600e-16,4.99600e-16,2.77556e-16,3.33067e-16,1.56801e-05,2.22045e-16,8.88178e-16,7.77156e-16,1.88738e-15,1.22125e-15,5.89221e-06,9.28198e-06,5.55112e-17,2.44249e-15,8.88178e-16
5.55112e-16,8.32667e-16,1.11022e-16,9.62891e-06,2.77556e-17,3.33067e-16,1.66533e-16,3.88578e-16,4.44089e-16,1.47635e-05,0.00000e+00,1.33227e-15,6.66134e-16,3.33067e-16,7.77156e-16,6.41511e-06,1.42866e-05,3.33067e-16,1.55431e-15,1.33227e-15
3.33067e-16,3.88578e-16,6.93889e-17,8.93574e-06,2.77556e-16,2.22045e-16,1.11022e-16,6.10623e-16,1.33227e-15,1.50887e-05,2.49800e-16,1.99840e-15,2.22045e-16,0.00000e+00,8.88178e-16,7.80385e-06,1.32499e-05,2.22045e-16,8.88178e-16,0.00000e+00
1.77636e-15,4.99600e-08,1.11022e-16,9.56002e-06,1.94289e-16,2.22045e-16,9.99201e-16,1.11022e-16,1.11022e-16,1.69605e-05,1.94289e-16,9.94987e-08,1.55431e-15,2.22045e-16,9.99201e-16,9.84566e-06,1.15709e-05,1.11022e-16,0.00000e+00,8.88178e-16
7.77156e-16,2.00539e-07,9.71445e-17,1.44214e-05,1.66533e-16,4.99600e-16,4.99600e-16,4.44089e-16,1.33227e-15,1.46768e-05,3.05311e-16,3.84187e-07,1.55431e-15,0.00000e+00,1.33227e-15,9.14416e-06,1.19162e-05,1.38778e-16,1.33227e-15,1.11022e-15
5.55112e-16,5.94551e-07,4.16334e-17,1.00597e-05,3.05311e-16,8.88178e-16,1.66533e-16,2.77556e-16,1.11022e-16,1.45858e-05,2.22045e-16,2.22045e-15,1.99840e-15,1.11022e-15,1.55431e-15,8.88493e-06,1.30439e-05,2.77556e-16,2.66454e-15,1.55431e-15
2.22045e-16,1.26864e-06,1.38778e-16,9.47702e-06,3.05311e-16,1.11022e-16,9.99201e-16,1.66533e-16,8.88178e-16,1.32638e-05,1.66533e-16,1.77636e-15,1.55431e-15,7.77156e-16,9.99201e-16,1.32927e-05,1.72428e-05,1.94289e-16,1.33227e-15,2.44249e-15
0.00000e+00,2.04168e-06,4.16334e-17,8.10126e-06,1.38778e-16,8.88178e-16,4.99600e-16,4.99600e-16,8.88178e-16,1.83488e-05,2.22045e-16,1.40000e-07,8.88178e-16,9.99201e-16,9.99201e-16,1.50947e-05,2.00472e-05,8.32667e-17,2.22045e-16,4.44089e-16
0.00000e+00,2.73665e-06,1.11022e-16,7.31007e-06,5.55112e-17,9.99201e-16,1.22125e-15,6.66134e-16,1.33227e-15,2.47344e-05,2.22045e-16,3.00000e-07,1.33227e-15,4.44089e-16,4.44089e-16,1.98109e-05,1.98543e-05,3.33067e-16,1.55431e-15,1.99840e-15
1.66533e-15,3.12465e-06,1.24900e-16,8.88007e-06,1.66533e-16,5.55112e-16,5.55112e-16,3.33067e-16,2.33147e-15,2.53253e-05,1.38778e-16,2.71293e-07,1.77636e-15,1.11022e-15,7.77156e-16,1.33017e-05,1.89504e-05,1.66533e-16,6.66134e-16,1.55431e-15
2.22045e-16,4.39618e-06,9.71445e-17,9.91453e-06,8.32667e-17,9.99201e-16,0.00000e+00,2.77556e-16,3.33067e-16,2.25548e-05,1.66533e-16,1.95959e-07,1.33227e-15,3.33067e-16,1.44329e-15,1.34090e-05,1.68233e-05,1.66533e-16,2.22045e-15,2.88658e-15
6.66134e-16,6.55037e-06,9.71445e-17,1.00870e-05,5.55112e-17,0.00000e+00,0.00000e+00,2.22045e-16,1.55431e-15,1.90979e-05,1.11022e-16,2.71293e-07,0.00000e+00,1.22125e-15,3.33067e-16,1.43105e-05,1.64483e-05,3.33067e-16,4.44089e-16,1.99840e-15
1.44329e-15,7.90758e-06,6.93889e-17,9.74307e-06,2.77556e-17,7.77156e-16,7.77156e-16,5.55112e-17,1.55431e-15,2.22349e-05,3.33067e-16,1.70587e-07,2.88658e-15,7.77156e-16,8.88178e-16,1.56983e-05,1.85811e-05,1.66533e-16,2.66454e-15,2.22045e-15
8.88178e-16,7.29550e-06,1.80411e-16,1.04208e-05,2.77556e-17,3.33067e-16,7.77156e-16,1.95959e-08,1.55431e-15,2.08688e-05,3.33067e-16,2.21585e-07,4.44089e-16,1.33227e-15,7.77156e-16,1.27478e-05,2.16489e-05,1.66533e-16,3.33067e-15,2.22045e-15
1.66533e-15,1.16085e-05,1.52656e-16,1.02633e-05,2.77556e-17,4.44089e-16,2.22045e-16,4.62493e-08,1.11022e-15,1.83969e-05,5.55112e-17,2.21585e-07,4.44089e-16,0.00000e+00,1.44329e-15,1.43274e-05,1.69496e-05,8.32667e-17,1.11022e-15,1.55431e-15
6.66134e-16,8.65997e-06,5.55112e-17,1.06889e-05,2.77556e-17,8.88178e-16,1.33227e-15,9.16297e-08,1.77636e-15,1.62337e-05,2.49800e-16,4.99600e-07,2.22045e-16,5.55112e-16,1.11022e-16,1.08490e-05,1.75127e-05,1.94289e-16,1.55431e-15,1.55431e-15
1.11022e-15,7.42499e-06,4.16334e-17,1.11310e-05,1.38778e-16,1.33227e-15,7.77156e-16,3.77094e-07,2.66454e-15,1.46289e-05,1.38778e-16,3.49142e-07,2.88658e-15,2.22045e-16,6.66134e-16,1.26159e-05,1.81485e-05,1.66533e-16,1.99840e-15,1.99840e-15
0.00000e+00,9.52016e-06,6.93889e-17,1.09753e-05,2.49800e-16,8.88178e-16,1.44329e-15,7.74268e-07,0.00000e+00,1.39845e-05,2.22045e-16,5.77841e-07,1.11022e-15,5.55112e-16,4.44089e-16,1.06683e-05,1.76314e-05,8.32667e-17,2.22045e-16,8.88178e-16
4.44089e-16,1.08415e-05,1.11022e-16,1.09161e-05,1.94289e-16,7.77156e-16,0.00000e+00,1.34690e-06,1.11022e-15,1.56745e-05,1.66533e-16,5.87452e-07,1.33227e-15,1.44329e-15,7.77156e-16,1.80728e-05,1.89712e-05,5.55112e-17,6.66134e-16,0.00000e+00
9.99201e-16,1.01787e-05,1.66533e-16,1.09082e-05,5.55112e-17,1.22125e-15,0.00000e+00,1.32001e-06,4.44089e-16,1.57697e-05,5.55112e-16,6.06218e-07,1.11022e-15,0.00000e+00,1.22125e-15,1.79263e-05,1.53005e-05,1.38778e-16,2.66454e-15,1.33227e-15
1.44329e-15,1.26623e-05,9.71445e-17,1.14650e-05,5.55112e-17,0.00000e+00,1.11022e-16,4.58026e-06,1.55431e-15,1.86040e-05,1.66533e-16,7.77882e-07,3.33067e-15,6.66134e-16,1.11022e-16,2.08294e-05,1.38928e-05,2.77556e-17,1.77636e-15,1.11022e-15
2.22045e-16,8.26797e-06,6.93889e-17,1.21681e-05,3.60822e-16,5.55112e-16,5.55112e-16,4.18981e-06,1.55431e-15,1.68642e-05,4.71845e-16,9.11043e-07,1.11022e-15,1.77636e-15,5.55112e-16,2.22132e-05,1.95519e-05,1.38778e-16,2.44249e-15,1.99840e-15
2.22045e-16,1.21403e-05,1.24900e-16,1.52869e-05,2.22045e-16,6.66134e-16,1.11022e-16,1.41064e-06,1.55431e-15,1.55419e-05,3.33067e-16,1.14346e-06,1.55431e-15,1.22125e-15,5.55112e-16,2.51091e-05,2.55005e-05,2.77556e-16,1.77636e-15,1.55431e-15
7.77156e-16,8.32625e-06,6.93889e-17,1.79539e-05,1.94289e-16,5.55112e-16,7.77156e-16,3.35386e-06,2.22045e-15,1.69855e-05,3.33067e-16,1.41067e-06,2.44249e-15,9.99201e-16,7.77156e-16,2.37147e-05,2.05490e-05,1.38778e-16,6.66134e-16,1.55431e-15
5.55112e-16,7.60524e-06,9.71445e-17,1.85134e-05,5.55112e-17,9.99201e-16,7.77156e-16,2.93896e-06,2.88658e-15,1.73438e-05,5.55112e-16,1.63046e-06,1.99840e-15,1.11022e-15,7.77156e-16,2.33520e-05,2.58546e-05,1.94289e-16,2.22045e-15,1.11022e-15
4.44089e-16,6.58652e-06,6.93889e-17,1.79270e-05,2.22045e-16,3.33067e-16,1.11022e-16,3.84231e-06,1.11022e-15,1.44293e-05,6.66134e-16,1.86813e-06,6.66134e-16,1.11022e-15,1.33227e-15,1.97917e-05,2.17820e-05,1.66533e-16,1.99840e-15,1.11022e-15
5.55112e-16,6.30518e-06,1.52656e-16,1.62301e-05,3.33067e-16,7.77156e-16,4.44089e-16,4.46486e-06,1.77636e-15,1.61877e-05,1.66533e-16,2.22486e-06,2.66454e-15,9.99201e-16,1.33227e-15,2.55821e-05,1.79225e-05,2.22045e-16,2.66454e-15,2.44249e-15
9.99201e-16,5.72524e-06,5.55112e-17,1.40076e-05,1.66533e-16,7.77156e-16,5.55112e-16,4.71381e-06,2.22045e-15,2.32980e-05,6.66134e-16,2.79457e-06,3.10862e-15,1.11022e-16,9.99201e-16,2.45840e-05,2.36612e-05,3.05311e-16,1.33227e-15,2.44249e-15
8.88178e-16,5.46438e-06,8.32667e-17,1.34172e-05,2.22045e-16,2.22045e-16,5.55112e-16,4.53016e-06,1.99840e-15,2.86395e-05,6.10623e-16,3.42491e-06,1.77636e-15,0.00000e+00,4.44089e-16,2.35269e-05,2.76479e-05,2.22045e-16,2.44249e-15,1.99840e-15
7.77156e-16,3.80855e-06,5.55112e-17,1.42727e-05,1.11022e-16,1.11022e-15,3.33067e-16,4.01721e-06,1.77636e-15,2.71209e-05,5.55112e-17,4.04826e-06,1.99840e-15,9.99201e-16,5.55112e-16,2.42230e-05,2.82797e-05,1.94289e-16,4.44089e-16,1.55431e-15
5.55112e-16,3.76922e-06,8.32667e-17,1.56348e-05,8.32667e-17,0.00000e+00,7.77156e-16,3.30619e-06,0.00000e+00,2.56598e-05,3.88578e-16,4.55292e-06,1.11022e-15,0.00000e+00,5.55112e-16,2.68591e-05,2.21845e-05,3.05311e-16,8.88178e-16,1.11022e-15
6.66134e-16,4.01515e-06,9.71445e-17,1.72693e-05,3.05311e-16,4.44089e-16,1.11022e-16,3.04375e-06,0.00000e+00,2.37536e-05,8.32667e-16,4.86933e-06,1.55431e-15,6.66134e-16,6.66134e-16,2.79370e-05,1.87347e-05,2.22045e-16,1.77636e-15,1.55431e-15
3.33067e-16,4.20880e-06,2.77556e-17,2.06980e-05,3.33067e-16,7.77156e-16,1.11022e-16,3.93877e-06,2.22045e-15,2.30810e-05,6.66134e-16,5.14727e-06,2.88658e-15,2.22045e-16,8.88178e-16,2.21727e-05,1.71488e-05,0.00000e+00,6.66134e-16,1.77636e-15
1.22125e-15,4.30781e-06,6.93889e-17,2.12625e-05,8.32667e-17,8.88178e-16,1.22125e-15,5.68552e-06,2.66454e-15,2.20828e-05,4.99600e-16,5.54526e-06,1.77636e-15,7.77156e-16,7.77156e-16,2.88852e-05,1.81056e-05,1.38778e-16,1.77636e-15,1.33227e-15
5.55112e-16,6.58273e-06,9.71445e-17,1.98012e-05,1.38778e-16,9.99201e-16,0.00000e+00,6.51198e-06,3.33067e-15,2.11950e-05,7.21645e-16,6.24931e-06,3.77476e-15,3.33067e-16,8.88178e-16,1.99264e-05,1.97801e-05,2.77556e-16,8.88178e-16,0.00000e+00
5.55112e-16,1.24018e-05,4.16334e-17,2.04418e-05,2.77556e-17,4.44089e-16,8.88178e-16,5.35234e-06,3.10862e-15,1.83728e-05,3.33067e-16,6.72663e-06,1.11022e-15,5.55112e-16,7.21645e-16,1.61643e-05,1.46143e-05,3.05311e-16,2.44249e-15,1.99840e-15
1.22125e-15,1.11848e-05,1.11022e-16,1.94384e-05,3.33067e-16,4.44089e-16,0.00000e+00,3.93003e-06,1.33227e-15,1.68883e-05,2.22045e-16,6.60382e-06,3.77476e-15,7.77156e-16,1.66533e-16,1.41261e-05,1.31831e-05,1.38778e-16,1.99840e-15,1.33227e-15
6.66134e-16,1.50608e-05,1.38778e-16,2.27686e-05,1.38778e-16,8.88178e-16,5.55112e-16,3.25306e-06,8.88178e-16,1.98093e-05,2.77556e-16,6.35279e-06,1.11022e-15,1.11022e-15,6.10623e-16,1.54049e-05,1.18577e-05,3.05311e-16,1.77636e-15,1.33227e-15
6.66134e-16,2.40120e-05,1.66533e-16,2.27194e-05,2.77556e-17,1.22125e-15,2.22045e-16,3.17835e-06,1.77636e-15,2.27656e-05,1.11022e-16,6.19713e-06,1.11022e-15,7.77156e-16,2.22045e-16,1.56019e-05,1.15730e-05,1.94289e-16,1.99840e-15,2.44249e-15
6.66134e-16,1.34439e-05,1.11022e-16,2.27637e-05,2.49800e-16,2.22045e-16,3.33067e-16,3.22515e-06,1.77636e-15,2.46983e-05,2.77556e-16,6.43494e-06,2.66454e-15,4.44089e-16,5.55112e-16,1.46429e-05,1.35274e-05,1.11022e-16,1.55431e-15,1.55431e-15
4.44089e-16,2.01571e-05,1.24900e-16,2.07048e-05,1.38778e-16,7.77156e-16,8.88178e-16,4.25493e-06,4.44089e-16,2.11474e-05,6.10623e-16,6.85711e-06,6.66134e-16,1.11022e-16,2.77556e-16,1.41909e-05,1.48930e-05,1.38778e-16,2.66454e-15,1.33227e-15
5.55112e-16,1.52120e-05,0.00000e+00,2.25528e-05,2.77556e-17,6.66134e-16,1.33227e-15,5.25951e-06,3.33067e-15,2.30132e-05,4.44089e-16,7.46190e-06,8.88178e-16,9.99201e-16,4.99600e-16,1.33613e-05,1.67929e-05,0.00000e+00,8.88178e-16,0.00000e+00
1.22125e-15,1.37655e-05,1.24900e-16,2.42269e-05,1.94289e-16,6.66134e-16,1.55431e-15,5.26850e-06,6.66134e-16,2.29257e-05,5.55112e-17,8.09108e-06,1.55431e-15,8.88178e-16,6.66134e-16,1.77317e-05,1.76142e-05,1.38778e-16,1.55431e-15,4.44089e-16
3.33067e-16,1.07721e-05,1.38778e-16,2.46001e-05,1.66533e-16,7.77156e-16,1.55431e-15,6.42398e-06,2.44249e-15,2.51062e-05,5.55112e-16,8.81031e-06,1.11022e-15,8.88178e-16,9.43690e-16,1.98463e-05,1.78961e-05,1.66533e-16,1.11022e-15,4.44089e-16
7.77156e-16,1.37769e-05,1.52656e-16,2.36812e-05,4.16334e-16,1.22125e-15,1.11022e-16,7.41191e-06,3.77476e-15,2.55497e-05,7.21645e-16,9.59205e-06,2.22045e-15,6.66134e-16,1.11022e-16,1.94686e-05,1.71546e-05,8.32667e-17,1.55431e-15,4.44089e-16
9.99201e-16,9.74166e-06,1.24900e-16,2.46415e-05,1.67725e-06,7.77156e-16,4.44089e-16,8.35921e-06,2.22045e-16,2.49459e-05,3.88578e-16,1.02778e-05,1.99840e-15,2.17945e-08,5.55112e-17,2.18652e-05,1.70609e-05,2.49800e-16,1.55431e-15,1.11022e-15
8.90842e-08,1.02638e-05,8.32667e-17,2.38828e-05,2.52055e-06,0.00000e+00,4.44089e-16,8.72775e-06,6.66134e-16,2.23934e-05,0.00000e+00,1.09139e-05,6.66134e-16,4.79244e-07,5.55112e-16,2.30799e-05,1.77714e-05,2.22045e-16,1.55431e-15,2.44249e-15
9.38083e-08,1.14112e-05,6.93889e-17,2.74714e-05,1.23751e-05,1.22125e-15,8.88178e-16,8.34910e-06,2.88658e-15,3.49053e-05,1.66533e-16,1.14510e-05,1.55431e-15,1.48317e-06,7.21645e-16,2.87149e-05,1.77473e-05,2.49800e-16,1.55431e-15,2.66454e-15
1.86054e-06,1.24992e-05,1.94289e-16,3.05182e-05,1.53999e-05,7.77156e-16,1.55431e-15,7.73482e-06,1.99840e-15,3.83966e-05,5.55112e-17,1.17408e-05,1.77636e-15,6.09316e-06,2.22045e-16,2.92677e-05,2.00474e-05,8.32667e-17,2.22045e-15,1.33227e-15
2.15669e-06,1.53855e-05,6.93889e-17,2.59147e-05,1.94585e-05,1.11022e-15,1.55431e-15,7.13795e-06,6.66134e-16,2.86781e-05,1.11022e-16,1.19327e-05,1.11022e-15,1.28571e-05,0.00000e+00,3.03658e-05,2.20591e-05,3.33067e-16,2.22045e-15,1.55431e-15
6.22813e-06,9.82781e-06,9.71445e-17,3.01433e-05,1.69507e-05,1.44329e-15,1.33227e-15,8.82664e-06,2.88658e-15,2.77473e-05,5.55112e-17,1.20751e-05,2.88658e-15,1.90396e-05,4.44089e-16,3.91026e-05,2.66340e-05,2.49800e-16,4.44089e-16,4.85386e-07
1.21070e-05,1.42615e-05,9.71445e-17,3.05515e-05,1.72136e-05,9.99201e-16,2.44249e-15,1.18464e-05,1.55431e-15,3.32771e-05,7.21645e-16,1.22472e-05,1.16529e-06,1.78947e-05,4.99600e-16,3.46891e-05,3.41359e-05,3.60822e-16,1.55431e-15,5.84038e-07
1.48180e-05,1.87549e-05,1.11022e-16,3.20298e-05,3.80039e-05,8.88178e-16,1.11022e-15,1.26118e-05,3.77476e-15,3.73113e-05,0.00000e+00,1.21423e-05,1.16572e-05,2.33573e-05,5.55112e-17,2.95176e-05,4.23121e-05,2.22045e-16,1.55431e-15,5.77841e-07
1.95508e-05,1.55550e-05,1.24900e-16,2.66233e-05,3.27673e-05,9.99201e-16,2.44249e-15,1.29625e-05,2.44249e-15,4.24610e-05,5.55112e-17,1.20816e-05,1.49720e-05,1.88093e-05,9.43690e-16,2.85267e-05,4.23741e-05,1.66533e-16,1.33227e-15,5.46512e-06
1.60146e-05,1.81851e-05,9.71445e-17,2.81566e-05,3.18034e-05,1.11022e-15,2.44249e-15,1.23247e-05,8.88178e-16,4.62479e-05,8.32667e-16,1.19862e-05,1.32898e-05,2.33630e-05,4.44089e-16,2.53861e-05,3.65267e-05,1.11022e-16,1.55431e-15,7.23505e-06
1.11984e-05,1.33287e-05,1.66533e-16,3.16961e-05,3.78076e-05,2.22045e-16,8.88178e-16,1.19449e-05,2.66454e-15,4.58122e-05,4.44089e-16,1.18295e-05,1.87827e-05,1.71662e-05,2.77556e-16,2.75917e-05,2.94377e-05,1.94289e-16,2.66454e-15,5.09779e-06
1.91694e-05,1.31189e-05,4.16334e-17,3.43050e-05,3.32362e-05,1.22125e-15,2.66454e-15,1.18609e-05,2.66454e-15,4.89041e-05,6.10623e-16,1.15877e-05,3.39653e-05,1.97381e-05,1.66533e-16,2.59030e-05,2.95685e-05,1.66533e-16,0.00000e+00,2.50400e-06
2.47490e-05,1.36738e-05,1.38778e-16,3.21645e-05,4.25915e-05,6.66134e-16,1.77636e-15,9.31950e-06,6.66134e-16,4.60638e-05,0.00000e+00,1.13802e-05,2.77102e-05,2.70966e-05,6.10623e-16,2.54539e-05,3.03411e-05,3.33067e-16,1.99840e-15,1.67951e-05
1.98258e-05,1.90152e-05,8.32667e-17,4.07091e-05,5.60091e-05,4.44089e-16,2.22045e-15,9.15753e-06,8.88178e-16,5.69306e-05,3.88578e-16,1.13264e-05,3.68605e-05,2.67251e-05,4.99600e-16,2.48285e-05,2.98923e-05,1.94289e-16,2.44249e-15,1.15921e-05
2.16641e-05,1.99686e-05,2.77556e-17,4.24496e-05,7.06295e-05,3.33067e-16,1.55431e-15,1.15903e-05,6.66134e-16,5.69503e-05,3.88578e-16,1.13665e-05,3.04370e-05,2.59069e-05,2.22045e-16,2.36577e-05,3.34592e-05,2.77556e-16,1.55431e-15,1.02222e-05
2.14451e-05,3.03727e-05,6.93889e-17,3.59954e-05,8.14488e-05,1.11022e-15,2.22045e-16,8.46236e-06,2.22045e-15,5.82075e-05,3.33067e-16,1.13596e-05,2.97198e-05,2.80229e-05,8.88178e-16,2.44288e-05,3.09319e-05,1.38778e-16,2.44249e-15,9.87419e-06
2.42705e-05,2.72726e-05,1.66533e-16,4.28015e-05,1.04581e-04,1.11022e-16,1.99840e-15,1.04933e-05,2.22045e-15,5.66854e-05,6.10623e-16,1.15858e-05,3.64785e-05,2.58107e-05,5.55112e-17,2.72319e-05,2.85813e-05,2.49800e-16,1.99840e-15,1.39000e-05
2.74438e-05,3.19218e-05,1.11022e-16,5.86369e-05,1.11942e-04,1.33227e-15,2.44249e-15,9.19165e-06,0.00000e+00,6.22803e-05,2.77556e-16,1.17897e-05,3.20484e-05,2.58625e-05,6.10623e-16,2.63924e-05,2.96811e-05,1.11022e-16,1.55431e-15,1.93110e-05
2.81889e-05,3.13323e-05,1.11022e-16,4.25456e-05,1.23623e-04,7.77156e-16,8.88178e-16,1.17885e-05,3.33067e-15,5.29990e-05,6.10623e-16,1.21422e-05,3.52736e-05,2.42545e-05,6.66134e-16,2.85795e-05,3.22175e-05,1.94289e-16,2.88658e-15,1.89684e-05
2.47910e-05,3.33984e-05,1.24900e-16,3.32729e-05,1.21574e-04,6.66134e-16,1.77636e-15,1.00009e-05,1.77636e-15,5.10954e-05,0.00000e+00,1.24053e-05,2.86497e-05,2.11567e-05,3.88578e-16,3.03268e-05,3.61462e-05,5.55112e-17,1.55431e-15,1.77627e-05
2.62413e-05,2.27665e-05,0.00000e+00,2.80978e-05,1.19059e-04,9.99201e-16,1.77636e-15,1.06029e-05,1.99840e-15,4.77860e-05,6.66134e-16,1.27480e-05,3.51101e-05,1.90603e-05,4.44089e-16,3.06778e-05,3.34565e-05,2.49800e-16,1.99840e-15,1.78147e-05
3.00378e-05,2.50728e-05,1.24900e-16,2.97898e-05,1.11390e-04,3.33067e-16,1.99840e-15,1.11985e-05,1.11022e-15,5.26246e-05,4.44089e-16,1.34540e-05,4.09470e-05,2.02890e-05,9.94987e-09,4.05833e-05,4.03619e-05,2.77556e-16,1.33227e-15,2.34832e-05
3.79349e-05,2.28383e-05,1.11022e-16,3.08711e-05,1.08867e-04,8.32667e-16,0.00000e+00,1.04828e-05,1.55431e-15,5.56529e-05,2.77556e-16,1.43395e-05,4.02543e-05,2.26659e-05,4.92341e-08,4.58818e-05,4.26589e-05,1.94289e-16,1.33227e-15,2.75846e-05
4.25047e-05,2.50503e-05,8.32667e-17,3.50935e-05,1.02970e-04,5.11762e-08,5.23832e-07,9.51315e-06,2.22045e-16,6.44353e-05,3.88578e-16,1.49786e-05,4.30707e-05,2.44444e-05,3.42053e-07,4.47366e-05,3.67155e-05,1.11022e-16,9.94987e-08,3.75916e-05
5.72125e-05,1.87863e-05,1.24900e-16,3.43377e-05,1.00730e-04,8.52936e-08,6.43351e-07,9.10646e-06,1.99840e-15,5.76941e-05,5.55112e-16,1.54698e-05,4.96508e-05,2.63242e-05,1.23467e-06,4.25665e-05,5.19576e-05,2.49800e-16,1.40000e-07,4.59867e-05
7.43655e-05,2.12073e-05,9.71445e-17,3.52545e-05,8.99385e-05,2.55881e-06,1.05569e-05,9.69059e-06,2.22045e-15,6.00112e-05,6.66134e-16,1.57676e-05,4.44880e-05,2.49049e-05,2.39387e-06,5.06101e-05,5.41951e-05,1.66533e-16,9.94987e-08,5.94142e-05
9.68651e-05,1.57534e-05,6.93889e-17,3.39819e-05,8.41831e-05,3.97468e-06,1.95889e-05,1.11169e-05,1.55431e-15,6.90604e-05,4.44089e-16,1.59367e-05,5.08722e-05,3.13422e-05,2.96959e-06,4.20995e-05,4.94689e-05,2.77556e-16,4.66798e-07,7.45311e-05
1.26538e-04,1.33303e-05,1.24900e-16,2.96938e-05,7.25665e-05,1.38176e-06,1.96855e-05,1.19480e-05,2.66454e-15,6.27455e-05,5.55112e-16,1.62909e-05,4.99966e-05,3.02432e-05,6.30460e-06,4.09630e-05,5.22191e-05,8.32667e-17,1.40000e-07,9.11030e-05
1.74947e-04,2.03810e-05,9.71445e-17,3.31085e-05,7.08066e-05,1.68881e-06,2.50369e-05,1.26031e-05,3.10862e-15,6.51427e-05,6.66134e-16,1.65449e-05,4.97909e-05,2.99380e-05,6.45868e-06,3.93261e-05,6.23104e-05,1.38778e-16,9.97798e-07,1.09196e-04
2.32624e-04,2.05234e-05,9.71445e-17,3.65920e-05,6.78159e-05,1.67175e-06,1.47994e-05,1.32329e-05,2.22045e-15,6.44882e-05,5.55112e-17,1.67937e-05,5.18801e-05,2.49828e-05,4.76729e-06,3.50623e-05,5.12352e-05,2.49800e-16,1.40000e-07,1.27607e-04
3.02541e-04,1.40942e-05,1.11022e-16,3.65738e-05,6.45074e-05,1.53528e-06,1.65041e-05,1.26399e-05,1.99840e-15,6.81137e-05,5.55112e-16,1.71711e-05,4.46807e-05,2.38724e-05,5.64121e-06,3.41584e-05,4.61092e-05,2.22045e-16,4.91019e-07,1.46127e-04
3.97032e-04,1.34246e-05,1.80411e-16,3.58117e-05,6.19135e-05,1.91058e-06,2.09763e-05,1.37551e-05,1.33227e-15,6.95878e-05,3.88578e-16,1.77461e-05,4.61791e-05,3.33515e-05,5.72027e-06,3.54799e-05,5.41029e-05,3.33067e-16,3.16814e-06,1.62567e-04
5.06571e-04,1.51058e-05,1.11022e-16,3.47232e-05,6.50663e-05,1.84234e-06,2.34435e-05,1.37503e-05,0.00000e+00,7.56115e-05,7.21645e-16,1.85310e-05,4.11307e-05,2.55989e-05,7.48744e-06,3.58326e-05,4.92612e-05,1.66533e-16,1.73482e-06,1.76595e-04
6.37950e-04,1.37257e-05,9.71445e-17,3.71782e-05,6.41601e-05,2.43940e-06,2.34693e-05,1.51633e-05,2.66454e-15,7.93742e-05,1.66533e-16,1.98233e-05,4.42578e-05,2.92809e-05,1.66930e-05,3.45759e-05,5.09237e-05,2.77556e-16,3.17893e-06,1.88605e-04
7.90954e-04,1.56181e-05,2.77556e-17,3.85833e-05,6.37708e-05,5.18585e-06,2.48956e-05,1.47471e-05,1.11022e-15,9.03619e-05,3.88578e-16,2.18975e-05,5.15079e-05,3.01805e-05,1.72015e-05,3.65367e-05,4.99557e-05,1.38778e-16,8.03950e-06,2.03360e-04
9.78660e-04,1.70543e-05,1.94289e-16,5.13754e-05,6.07708e-05,2.59293e-06,2.38898e-05,2.41818e-05,2.44249e-15,7.60640e-05,1.66533e-16,2.44013e-05,5.12783e-05,3.24652e-05,1.56597e-05,3.54826e-05,4.91939e-05,1.66533e-16,1.42997e-05,2.14402e-04
1.17933e-03,1.50125e-05,9.71445e-17,4.72091e-05,5.46482e-05,1.46705e-06,2.58474e-05,2.51656e-05,3.75633e-07,8.04958e-05,2.77556e-16,2.67403e-05,5.18219e-05,3.28147e-05,1.81775e-05,3.91433e-05,5.10331e-05,3.33067e-16,2.05785e-05,2.20285e-04
1.41012e-03,1.69754e-05,6.93889e-17,5.00548e-05,5.20179e-05,9.04112e-07,2.92754e-05,2.93174e-05,3.75633e-07,8.88708e-05,4.99600e-16,2.83251e-05,4.39004e-05,3.07112e-05,2.07982e-05,4.17693e-05,5.65806e-05,1.66533e-16,2.47279e-05,2.28598e-04
1.67571e-03,1.67812e-05,8.32667e-17,4.57490e-05,5.01956e-05,2.38822e-06,3.20969e-05,2.40595e-05,7.51266e-07,9.02039e-05,3.33067e-16,2.97021e-05,5.61363e-05,3.06598e-05,1.80652e-05,4.84915e-05,5.70405e-05,1.66533e-16,1.75756e-05,2.37836e-04
1.94807e-03,1.78236e-05,9.71445e-17,4.33696e-05,4.80985e-05,1.53528e-07,2.93541e-05,3.25461e-05,1.77636e-15,8.76591e-05,2.77556e-16,3.14457e-05,5.02036e-05,2.74500e-05,1.56646e-05,5.40436e-05,5.03824e-05,1.38778e-16,1.51770e-05,2.40324e-04
2.23273e-03,2.14553e-05,1.20499e-06,4.12878e-05,4.35558e-05,1.43639e-06,3.07757e-05,2.61911e-05,4.88323e-06,7.71427e-05,1.66533e-16,3.33726e-05,5.10189e-05,2.67546e-05,1.38105e-05,4.21449e-05,5.67629e-05,1.54100e-06,2.38749e-05,2.41852e-04
2.52295e-03,3.36730e-05,9.68227e-07,4.59316e-05,3.90927e-05,1.35904e-06,3.59293e-05,3.58337e-05,8.63955e-06,6.63681e-05,0.00000e+00,3.53911e-05,5.14289e-05,3.04445e-05,1.70569e-05,4.35062e-05,5.92679e-05,4.76203e-06,3.20029e-05,2.44525e-04
2.80931e-03,3.78793e-05,8.75437e-07,4.47285e-05,3.96372e-05,3.75137e-06,2.95352e-05,2.89099e-05,1.65423e-05,6.92180e-05,4.44089e-16,3.70072e-05,5.27877e-05,2.70617e-05,2.40575e-05,3.89247e-05,5.21472e-05,4.62790e-06,2.56476e-05,2.41457e-04
3.09116e-03,3.94661e-05,5.18513e-06,6.13851e-05,3.86216e-05,1.02021e-05,2.42339e-05,1.93758e-05,1.50253e-06,6.68638e-05,6.10623e-16,4.18628e-05,5.22952e-05,3.06300e-05,2.59558e-05,4.27952e-05,4.79970e-05,2.39854e-06,2.47176e-05,2.41982e-04
3.35549e-03,3.27409e-05,2.13096e-05,4.75313e-05,5.10616e-05,9.66394e-06,3.30285e-05,2.06880e-05,1.58155e-05,6.10056e-05,2.77556e-16,4.35311e-05,5.27791e-05,3.23497e-05,3.00574e-05,4.29743e-05,5.58271e-05,2.34717e-05,4.08081e-05,2.39657e-04
3.58756e-03,3.52921e-05,6.29967e-05,4.96718e-05,9.33171e-05,1.39560e-05,3.51533e-05,2.02633e-05,3.04652e-05,6.39837e-05,2.22045e-16,5.84101e-05,5.82254e-05,3.45402e-05,3.14350e-05,4.31744e-05,5.65249e-05,3.18705e-05,3.54280e-05,2.35615e-04
3.79210e-03,3.67459e-05,1.26835e-04,5.09580e-05,1.40308e-04,1.27633e-05,3.35691e-05,2.14864e-05,7.14674e-05,1.23385e-04,1.66533e-16,6.94129e-05,5.14614e-05,3.15241e-05,3.40488e-05,4.50746e-05,4.94203e-05,4.16713e-05,3.63162e-05,2.33948e-04
3.94387e-03,4.30290e-05,2.10829e-04,5.28955e-05,2.10019e-04,1.48697e-05,3.30773e-05,1.97706e-05,1.49200e-04,2.10514e-04,6.10623e-16,8.87667e-05,5.22358e-05,4.85034e-05,3.39025e-05,4.86829e-05,5.42530e-05,5.89943e-05,3.96208e-05,2.31041e-04
4.05786e-03,4.01142e-05,2.81587e-04,5.08022e-05,2.86922e-04,1.19641e-05,3.27380e-05,2.09511e-05,2.23223e-04,3.71935e-04,1.66533e-16,1.17340e-04,5.77200e-05,6.63524e-05,3.73378e-05,4.68942e-05,5.06488e-05,7.96451e-05,4.25123e-05,2.27877e-04
4.12951e-03,4.50221e-05,3.36996e-04,5.01053e-05,3.75549e-04,1.43204e-05,3.33375e-05,1.83933e-05,2.99532e-04,5.84732e-04,2.77556e-16,1.57712e-04,5.17572e-05,7.56769e-05,3.65674e-05,4.42414e-05,4.64493e-05,1.02579e-04,3.20372e-05,2.23837e-04
4.16019e-03,5.13905e-05,3.80014e-04,4.84728e-05,4.54039e-04,1.67539e-05,2.91213e-05,1.78202e-05,3.86621e-04,7.91737e-04,3.33067e-16,2.15752e-04,5.11547e-05,9.45769e-05,3.71749e-05,4.15199e-05,4.87154e-05,1.25578e-04,2.86081e-05,2.13595e-04
4.13671e-03,7.34846e-05,4.01408e-04,4.86552e-05,5.46142e-04,1.65950e-05,2.91571e-05,1.74608e-05,4.62751e-04,1.00551e-03,3.33067e-16,2.96680e-04,5.43607e-05,1.15635e-04,3.92210e-05,4.29335e-05,5.28739e-05,1.53077e-04,3.96972e-05,2.03840e-04
4.08147e-03,1.03693e-04,4.09048e-04,5.35316e-05,6.38745e-04,1.51014e-05,3.76594e-05,1.74046e-05,5.27263e-04,1.22506e-03,6.10623e-16,4.00244e-04,6.31936e-05,1.41147e-04,4.59911e-05,4.08374e-05,6.25726e-05,1.83317e-04,3.73209e-05,1.92047e-04
3.99548e-03,1.23966e-04,4.28172e-04,5.98265e-05,7.37287e-04,2.01556e-05,3.44749e-05,2.00937e-05,5.93707e-04,1.45223e-03,1.66533e-16,5.27907e-04,7.80852e-05,1.60314e-04,4.52387e-05,4.55165e-05,4.88955e-05,2.02906e-04,3.77800e-05,1.83664e-04
3.87173e-03,1.39125e-04,4.40642e-04,6.44723e-05,8.31535e-04,2.07275e-05,3.12901e-05,2.16842e-05,6.89623e-04,1.67990e-03,1.66533e-16,6.85493e-04,8.39997e-05,1.86502e-04,4.91416e-05,4.63392e-05,4.87086e-05,2.19180e-04,3.80473e-05,1.73858e-04
3.72478e-03,1.58705e-04,4.40018e-04,7.12339e-05,9.08905e-04,2.29561e-05,3.58915e-05,2.34080e-05,7.97484e-04,1.91129e-03,6.10623e-16,8.74432e-04,9.36706e-05,2.08698e-04,5.19951e-05,5.52278e-05,5.73031e-05,2.52439e-04,4.23499e-05,1.62496e-04
3.56412e-03,1.54437e-04,4.42696e-04,7.14434e-05,9.90880e-04,2.18431e-05,3.53495e-05,2.44755e-05,9.22307e-04,2.14130e-03,2.77556e-16,1.09857e-03,1.12644e-04,2.38128e-04,5.58669e-05,5.10039e-05,6.97513e-05,2.73054e-04,3.78797e-05,1.50232e-04
3.38377e-03,1.65246e-04,4.36431e-04,7.38064e-05,1.08967e-03,2.21237e-05,4.28499e-05,2.65875e-05,1.07300e-03,2.38548e-03,5.55112e-16,1.34606e-03,1.12478e-04,2.66810e-04,5.53382e-05,4.73666e-05,8.26298e-05,2.93643e-04,3.57651e-05,1.39969e-04
3.18857e-03,1.60029e-04,4.24518e-04,7.64949e-05,1.19796e-03,2.04384e-05,3.57668e-05,2.89534e-05,1.23969e-03,2.63079e-03,5.55112e-17,1.60403e-03,1.26060e-04,2.90671e-04,5.62847e-05,6.02401e-05,8.80346e-05,3.05448e-04,3.98813e-05,1.34558e-04
2.99772e-03,1.52156e-04,4.06065e-04,7.62498e-05,1.31363e-03,2.08475e-05,3.74602e-05,3.05767e-05,1.40525e-03,2.89281e-03,0.00000e+00,1.87601e-03,1.35829e-04,3.14218e-04,5.74134e-05,5.49580e-05,1.00144e-04,3.29831e-04,3.76894e-05,1.30466e-04
2.79977e-03,1.38621e-04,3.82355e-04,7.54597e-05,1.45329e-03,2.18515e-05,3.69920e-05,3.21522e-05,1.57866e-03,3.15797e-03,2.77556e-16,2.16238e-03,1.49089e-04,3.39371e-04,5.74161e-05,5.82358e-05,1.12854e-04,3.51932e-04,3.32719e-05,1.24995e-04
2.60724e-03,1.34015e-04,3.62038e-04,6.92199e-05,1.62311e-03,2.42290e-05,3.74024e-05,3.47004e-05,1.75462e-03,3.43854e-03,2.22045e-16,2.46199e-03,1.44673e-04,3.63954e-04,5.68691e-05,5.82164e-05,9.91271e-05,3.62940e-04,3.75830e-05,1.18236e-04
2.41607e-03,1.29609e-04,3.38888e-04,6.94627e-05,1.82035e-03,2.30502e-05,4.23317e-05,3.50267e-05,1.94411e-03,3.70909e-03,3.33067e-16,2.77727e-03,1.44064e-04,3.86766e-04,5.34081e-05,6.83437e-05,9.41098e-05,3.71295e-04,4.17016e-05,1.13279e-04
2.23708e-03,1.27301e-04,3.21278e-04,6.39458e-05,1.98379e-03,2.45767e-05,3.76150e-05,3.72814e-05,2.14430e-03,3.97180e-03,2.22045e-16,3.10683e-03,1.57476e-04,4.07584e-04,5.21682e-05,6.47260e-05,1.03583e-04,3.67809e-04,3.76510e-05,1.07788e-04
2.07288e-03,1.39315e-04,3.05345e-04,7.16104e-05,2.11253e-03,2.42130e-05,3.93398e-05,3.93965e-05,2.36033e-03,4.23717e-03,6.10623e-16,3.44313e-03,1.60635e-04,4.21086e-04,5.22554e-05,6.65887e-05,9.91057e-05,3.65167e-04,4.09275e-05,1.05590e-04
1.90885e-03,1.40441e-04,2.92344e-04,8.83120e-05,2.20514e-03,2.63111e-05,3.48208e-05,4.33931e-05,2.58508e-03,4.49100e-03,4.99600e-16,3.78543e-03,1.63218e-04,4.32520e-04,5.27427e-05,7.20087e-05,9.93025e-05,3.66762e-04,4.02023e-05,9.89278e-05
1.76443e-03,1.43595e-04,2.76275e-04,7.94464e-05,2.26079e-03,2.53369e-05,3.80206e-05,4.25262e-05,2.82000e-03,4.73841e-03,3.33067e-16,4.13631e-03,1.62948e-04,4.35235e-04,5.23581e-05,7.34164e-05,1.06119e-04,3.59324e-04,3.86919e-05,9.49443e-05
1.63434e-03,1.49638e-04,2.65340e-04,9.15697e-05,2.28154e-03,2.39940e-05,3.92751e-05,4.45742e-05,3.03885e-03,4.98357e-03,3.88578e-16,4.49321e-03,1.66216e-04,4.33469e-04,4.74627e-05,7.87165e-05,1.18258e-04,3.55436e-04,4.43786e-05,9.01177e-05
1.50988e-03,1.43052e-04,2.55594e-04,9.73008e-05,2.27209e-03,2.59466e-05,3.91845e-05,5.51305e-05,3.23797e-03,5.21329e-03,5.55112e-16,4.85043e-03,1.68512e-04,4.30997e-04,4.76892e-05,7.35404e-05,1.29528e-04,3.53425e-04,3.98335e-05,8.97868e-05
1.40285e-03,1.44165e-04,2.46706e-04,6.97739e-05,2.24375e-03,2.60145e-05,4.04659e-05,4.38312e-05,3.42633e-03,5.43180e-03,6.10623e-16,5.20655e-03,1.68302e-04,4.25298e-04,4.80142e-05,7.83717e-05,1.39964e-04,3.48078e-04,3.35110e-05,8.66553e-05
1.30434e-03,1.34868e-04,2.36741e-04,6.37863e-05,2.20972e-03,2.51638e-05,3.82886e-05,4.28669e-05,3.59926e-03,5.64636e-03,3.88578e-16,5.56225e-03,1.66720e-04,4.18174e-04,4.66861e-05,6.56943e-05,1.48329e-04,3.43355e-04,3.67159e-05,8.32160e-05
1.22218e-03,1.25275e-04,2.24073e-04,6.81013e-05,2.16542e-03,2.61079e-05,4.16323e-05,4.71163e-05,3.75417e-03,5.84597e-03,4.99600e-16,5.91649e-03,1.73479e-04,4.11343e-04,4.48251e-05,7.85236e-05,1.66543e-04,3.45418e-04,4.17643e-05,8.00846e-05
1.14260e-03,1.29050e-04,2.07542e-04,7.86193e-05,2.11475e-03,2.63371e-05,4.17921e-05,4.82154e-05,3.87266e-03,6.01933e-03,7.21645e-16,6.26691e-03,1.65571e-04,4.08118e-04,4.21822e-05,7.88297e-05,1.88552e-04,3.57634e-04,4.39762e-05,8.39640e-05
1.07976e-03,1.36566e-04,1.98071e-04,8.84786e-05,2.05139e-03,2.59360e-05,4.42061e-05,3.95139e-05,3.98883e-03,6.19324e-03,3.88578e-16,6.61177e-03,1.74285e-04,4.01074e-04,4.39449e-05,7.95951e-05,1.97552e-04,3.66123e-04,4.04770e-05,8.52644e-05
1.01489e-03,1.33956e-04,1.90015e-04,8.40977e-05,1.97408e-03,2.54179e-05,4.75100e-05,4.90360e-05,4.06957e-03,6.34734e-03,4.44089e-16,6.95151e-03,1.71430e-04,3.92343e-04,4.21170e-05,7.92032e-05,2.25317e-04,3.77321e-04,4.66701e-05,9.19677e-05
9.62206e-04,1.18305e-04,1.85021e-04,1.14473e-04,1.88892e-03,2.48458e-05,4.17114e-05,4.64241e-05,4.14611e-03,6.48588e-03,3.33067e-16,7.28294e-03,1.66415e-04,3.85753e-04,4.17456e-05,8.86900e-05,2.47097e-04,3.93456e-04,4.57883e-05,1.01894e-04
9.27381e-04,1.22854e-04,1.77394e-04,9.29635e-05,1.79102e-03,2.48006e-05,3.92800e-05,5.66607e-05,4.19436e-03,6.61505e-03,4.99600e-16,7.60334e-03,1.67589e-04,3.82628e-04,4.30069e-05,8.19380e-05,2.67174e-04,4.06117e-04,4.96556e-05,1.07729e-04
8.89880e-04,1.35680e-04,1.68516e-04,1.01310e-04,1.68845e-03,3.21601e-05,3.88214e-05,5.42959e-05,4.23622e-03,6.74741e-03,1.11022e-16,7.90978e-03,1.70068e-04,3.78250e-04,3.99373e-05,8.13769e-05,2.76130e-04,4.18259e-04,5.07134e-05,1.15527e-04
8.55992e-04,1.21390e-04,1.59814e-04,1.15369e-04,1.57288e-03,2.68590e-05,4.47480e-05,6.34586e-05,4.26945e-03,6.86530e-03,3.33067e-16,8.20307e-03,1.69157e-04,3.73020e-04,4.29640e-05,7.96984e-05,3.00086e-04,4.33287e-04,4.35969e-05,1.00829e-04
8.27763e-04,1.17557e-04,1.55585e-04,9.92421e-05,1.45810e-03,2.88159e-05,4.31753e-05,5.22512e-05,4.29042e-03,6.96448e-03,0.00000e+00,8.48359e-03,1.76769e-04,3.58825e-04,4.53335e-05,6.71296e-05,3.07140e-04,4.48728e-04,4.35947e-05,1.00763e-04
8.00102e-04,1.06322e-04,1.51887e-04,8.69663e-05,1.34751e-03,2.76075e-05,4.02389e-05,5.46620e-05,4.30732e-03,7.05723e-03,4.99600e-16,8.75009e-03,1.69115e-04,3.50679e-04,4.55706e-05,7.35389e-05,3.22935e-04,4.65067e-04,5.71484e-05,1.04772e-04
7.75012e-04,1.07922e-04,1.44577e-04,9.02276e-05,1.24100e-03,2.59772e-05,3.80537e-05,5.27534e-05,4.30206e-03,7.14457e-03,1.66533e-16,9.00137e-03,1.71851e-04,3.42297e-04,4.70115e-05,7.47144e-05,3.27628e-04,4.83653e-04,7.13141e-05,1.11894e-04
7.51023e-04,1.02435e-04,1.37259e-04,9.97068e-05,1.14384e-03,2.65427e-05,4.25817e-05,5.78131e-05,4.28062e-03,7.24029e-03,3.88578e-16,9.24010e-03,1.69730e-04,3.33641e-04,5.04655e-05,7.09196e-05,3.35243e-04,5.03879e-04,8.57676e-05,1.13015e-04
7.23590e-04,1.17721e-04,1.35854e-04,1.11697e-04,1.04506e-03,2.67914e-05,3.78360e-05,6.32966e-05,4.26048e-03,7.32785e-03,6.10623e-16,9.46691e-03,1.71516e-04,3.22836e-04,4.82439e-05,6.75049e-05,3.43259e-04,5.24849e-04,1.06187e-04,1.18566e-04
7.00022e-04,1.17702e-04,1.34241e-04,9.53207e-05,9.52699e-04,2.87833e-05,4.19461e-05,6.02059e-05,4.23138e-03,7.36846e-03,3.33067e-16,9.67889e-03,1.79978e-04,3.14636e-04,4.67170e-05,6.18392e-05,3.40142e-04,5.43701e-04,1.35618e-04,1.18486e-04
6.80735e-04,1.05679e-04,1.28655e-04,1.07326e-04,8.70037e-04,2.90358e-05,4.52667e-05,6.07682e-05,4.19138e-03,7.43511e-03,2.77556e-16,9.86981e-03,1.77550e-04,3.07805e-04,4.57586e-05,6.73129e-05,3.32935e-04,5.57313e-04,1.70279e-04,1.27215e-04
6.59858e-04,1.05989e-04,1.24457e-04,1.37348e-04,7.92103e-04,2.93992e-05,4.67843e-05,6.07909e-05,4.15481e-03,7.47584e-03,4.99600e-16,1.00425e-02,1.77610e-04,3.02907e-04,4.78022e-05,7.10603e-05,3.37764e-04,5.69469e-04,2.21265e-04,1.22416e-04
6.41573e-04,1.07299e-04,1.22722e-04,1.15232e-04,7.20302e-04,2.88713e-05,5.36365e-05,7.30810e-05,4.11277e-03,7.51847e-03,6.10623e-16,1.01993e-02,1.78559e-04,3.03171e-04,4.58185e-05,7.25243e-05,3.37917e-04,5.79199e-04,2.60531e-04,1.16434e-04
6.13583e-04,1.06814e-04,1.17591e-04,1.18167e-04,6.51941e-04,2.51152e-05,4.82331e-05,8.00593e-05,4.07065e-03,7.58018e-03,3.88578e-16,1.03392e-02,1.85185e-04,3.08676e-04,4.69329e-05,7.02890e-05,3.39951e-04,5.88150e-04,3.08365e-04,1.18840e-04
5.98533e-04,1.04348e-04,1.12740e-04,1.18164e-04,5.98117e-04,2.83099e-05,4.68902e-05,6.73686e-05,4.02898e-03,7.61844e-03,2.22045e-16,1.04644e-02,1.84653e-04,3.08894e-04,4.67328e-05,6.81728e-05,3.45333e-04,5.99684e-04,3.56903e-04,1.15312e-04
5.73313e-04,1.06835e-04,1.14441e-04,1.01169e-04,5.55320e-04,2.78700e-05,4.70958e-05,6.30686e-05,3.99378e-03,7.65010e-03,9.94987e-09,1.05734e-02,1.87783e-04,3.10639e-04,4.48881e-05,6.59987e-05,3.50003e-04,6.09756e-04,3.96340e-04,1.13087e-04
5.53095e-04,1.47895e-04,1.14099e-04,9.10501e-05,5.12583e-04,2.45306e-05,4.85244e-05,6.04014e-05,3.96442e-03,7.66497e-03,9.94987e-09,1.06696e-02,1.94505e-04,3.14942e-04,4.39770e-05,7.38105e-05,3.64539e-04,6.16835e-04,4.53896e-04,1.04135e-04
5.36082e-04,1.54583e-04,1.07176e-04,9.39796e-05,4.60080e-04,2.72069e-05,4.75037e-05,5.61775e-05,3.93910e-03,7.67144e-03,5.12250e-08,1.07532e-02,1.90313e-04,3.30492e-04,4.60396e-05,6.72281e-05,3.84362e-04,6.20038e-04,5.02603e-04,1.11512e-04
5.21415e-04,1.34537e-04,1.07914e-04,1.12923e-04,4.59016e-04,2.90388e-05,5.26589e-05,6.10566e-05,3.91716e-03,7.68306e-03,7.79423e-08,1.08273e-02,1.95136e-04,3.40588e-04,4.80321e-05,6.95617e-05,4.11857e-04,6.19397e-04,5.37556e-04,1.04741e-04
5.05158e-04,1.41425e-04,5.90592e-04,1.18270e-04,1.26650e-03,3.05039e-05,5.73894e-05,6.07298e-05,3.89906e-03,7.67726e-03,1.49569e-07,1.08909e-02,1.96595e-04,3.60919e-04,4.67502e-05,6.88088e-05,4.48326e-04,6.14470e-04,5.70508e-04,1.10641e-04
4.84549e-04,1.30974e-04,2.73199e-03,8.41703e-05,6.87768e-03,2.86072e-05,4.83398e-05,6.13263e-05,3.87577e-03,7.74403e-03,1.31210e-07,1.09442e-02,1.96745e-04,3.73141e-04,4.73272e-05,7.71441e-05,4.91116e-04,6.07733e-04,5.96900e-04,1.19872e-04
4.66465e-04,2.58421e-04,6.33416e-03,1.01683e-04,2.67387e-02,2.07989e-04,2.44928e-04,1.03714e-04,3.85367e-03,7.87888e-03,2.36261e-05,1.10575e-02,2.09216e-04,3.94019e-04,2.12888e-04,8.22303e-05,5.32541e-04,5.93267e-04,6.25247e-04,1.22945e-04
4.52634e-04,6.55742e-04,1.09117e-02,5.81337e-04,7.22576e-02,8.07056e-04,1.33020e-03,9.85794e-04,3.92259e-03,8.27986e-03,2.36273e-04,1.12112e-02,2.15752e-04,4.18867e-04,4.78124e-04,8.71069e-05,6.41570e-04,5.76343e-04,1.24591e-03,1.15108e-04
5.95723e-04,7.92199e-04,1.54857e-02,1.52950e-03,1.84202e-01,1.68321e-03,5.59159e-03,2.17242e-03,4.17442e-03,8.90624e-03,5.32163e-04,1.13724e-02,2.48230e-04,5.93494e-04,6.25908e-04,2.29322e-04,8.94104e-04,6.96381e-04,2.05478e-03,2.71547e-04
7.77228e-04,9.28048e-04,1.97137e-02,2.74801e-03,3.64362e-01,2.98996e-03,1.54107e-02,2.76737e-03,4.39574e-03,9.81281e-03,8.83358e-04,1.15807e-02,4.63750e-04,8.74739e-04,7.79772e-04,5.20785e-04,1.18356e-03,7.34256e-04,3.11129e-03,7.56522e-04
9.19918e-04,1.30010e-03,2.42352e-02,3.79785e-03,5.92061e-01,4.54589e-03,2.20694e-02,3.15803e-03,4.60245e-03,1.09066e-02,1.15888e-03,1.18183e-02,7.27854e-04,1.12835e-03,1.00181e-03,9.82676e-04,1.46626e-03,7.88440e-04,4.06389e-03,1.21646e-03
1.01088e-03,1.83106e-03,2.88994e-02,4.63483e-03,8.64030e-01,5.98787e-03,2.36561e-02,3.42707e-03,4.83560e-03,1.20145e-02,1.34213e-03,1.20937e-02,1.01878e-03,1.38864e-03,1.25564e-03,1.67595e-03,1.70524e-03,9.14298e-04,4.85835e-03,1.89354e-03
1.08557e-03,2.43462e-03,3.32488e-02,5.44669e-03,1.12957e+00,7.16198e-03,2.33352e-02,3.50683e-03,5.06036e-03,1.30852e-02,1.48817e-03,1.24243e-02,1.45272e-03,1.66797e-03,1.51593e-03,2.57308e-03,1.91622e-03,1.13808e-03,5.55959e-03,2.87615e-03
1.21417e-03,3.04357e-03,3.66390e-02,6.32310e-03,1.49023e+00,8.10747e-03,2.29965e-02,3.45186e-03,5.26085e-03,1.40743e-02,1.61113e-03,1.28288e-02,1.90502e-03,1.97340e-03,1.77357e-03,3.56009e-03,2.08884e-03,1.47930e-03,6.15246e-03,3.95321e-03
1.42831e-03,3.80719e-03,3.83400e-02,7.42843e-03,2.11593e+00,9.00083e-03,2.29583e-02,3.38774e-03,5.42811e-03,1.50595e-02,1.72593e-03,1.34081e-02,2.18070e-03,2.27242e-03,2.02371e-03,4.57788e-03,2.24419e-03,1.92665e-03,6.73081e-03,4.94684e-03
1.71985e-03,4.37244e-03,3.80542e-02,8.88099e-03,2.74603e+00,1.08148e-02,2.31873e-02,3.31060e-03,5.57971e-03,1.59855e-02,1.93229e-03,1.40718e-02,2.31012e-03,2.56384e-03,2.36580e-03,5.75034e-03,2.40179e-03,2.50433e-03,7.24264e-03,5.82812e-03
2.05134e-03,4.97677e-03,3.60455e-02,1.07434e-02,2.96255e+00,1.38575e-02,2.38497e-02,3.34609e-03,5.76608e-03,1.68929e-02,2.48634e-03,1.48716e-02,2.40694e-03,2.84239e-03,2.67758e-03,7.08666e-03,2.58006e-03,3.19973e-03,7.78898e-03,6.61450e-03
2.40254e-03,1.10992e-02,3.28945e-02,1.36510e-02,2.74608e+00,1.86907e-02,2.61186e-02,3.74997e-03,5.97516e-03,1.79921e-02,3.35300e-03,1.59057e-02,2.52448e-03,3.13071e-03,3.00351e-03,8.49855e-03,2.72977e-03,3.97710e-03,9.01124e-03,7.33363e-03
2.74843e-03,2.40273e-02,2.92703e-02,1.81567e-02,2.31874e+00,2.84171e-02,3.50857e-02,4.53234e-03,6.23090e-03,1.92584e-02,5.59263e-03,1.70938e-02,2.70425e-03,3.50375e-03,3.82182e-03,1.00337e-02,2.93313e-03,4.84361e-03,1.08865e-02,8.05616e-03
3.22629e-03,6.00841e-02,2.55948e-02,2.59769e-02,1.86496e+00,4.59264e-02,6.41873e-02,6.24085e-03,6.57848e-03,2.12745e-02,1.26821e-02,1.85074e-02,2.93801e-03,3.96548e-03,5.31200e-03,1.17313e-02,3.17033e-03,5.79723e-03,1.37634e-02,8.80938e-03
3.74048e-03,9.42295e-02,2.22092e-02,4.08735e-02,1.46811e+00,7.20936e-02,1.20723e-01,1.05261e-02,7.03576e-03,2.39036e-02,2.97306e-02,1.99584e-02,3.26681e-03,4.50971e-03,6.42798e-03,1.38439e-02,3.47184e-03,7.16816e-03,2.17163e-02,9.56264e-03
4.33055e-03,9.23790e-02,1.96379e-02,6.14077e-02,1.15356e+00,1.11530e-01,2.00826e-01,1.47607e-02,7.61063e-03,2.72798e-02,5.16252e-02,2.15552e-02,3.70613e-03,5.13594e-03,7.46184e-03,1.65151e-02,3.78597e-03,1.25024e-02,3.90151e-02,1.03799e-02
4.87677e-03,9.07507e-02,1.75130e-02,7.82858e-02,9.15082e-01,1.47343e-01,2.32457e-01,1.66572e-02,8.24036e-03,3.12788e-02,6.57573e-02,2.32470e-02,4.20656e-03,5.71996e-03,8.58989e-03,1.97846e-02,4.12530e-03,5.09710e-02,6.07566e-02,1.12201e-02
5.40949e-03,9.78512e-02,1.58485e-02,8.42118e-02,7.32136e-01,1.64960e-01,2.29083e-01,1.78370e-02,8.93255e-03,3.56514e-02,7.00902e-02,2.50413e-02,4.75935e-03,6.29314e-03,9.79691e-03,2.34692e-02,4.46785e-03,1.97669e-01,7.88671e-02,1.21141e-02
5.98808e-03,1.10712e-01,1.43424e-02,8.66543e-02,5.95006e-01,1.75102e-01,2.33257e-01,1.86352e-02,9.65282e-03,4.00801e-02,6.90432e-02,2.70834e-02,5.38769e-03,6.88450e-03,1.09292e-02,2.76988e-02,4.82969e-03,4.52690e-01,9.43334e-02,1.30871e-02
6.63602e-03,1.25970e-01,1.29939e-02,9.27663e-02,4.93263e-01,1.97875e-01,2.51319e-01,1.93868e-02,1.04015e-02,4.46117e-02,6.56055e-02,2.94023e-02,6.01668e-03,7.50072e-03,1.19413e-02,3.24103e-02,5.14391e-03,6.99465e-01,1.07914e-01,1.41131e-02
7.36584e-03,1.41305e-01,1.18233e-02,1.04026e-01,4.16326e-01,2.50370e-01,2.79707e-01,2.01302e-02,1.11231e-02,4.89479e-02,6.13155e-02,3.20050e-02,6.60263e-03,8.08744e-03,1.29033e-02,3.70788e-02,5.48562e-03,8.37005e-01,1.19408e-01,1.51166e-02
8.16031e-03,1.54608e-01,1.08260e-02,1.19952e-01,3.56094e-01,3.26333e-01,3.09333e-01,2.10205e-02,1.18038e-02,5.31631e-02,5.72376e-02,3.49805e-02,7.11123e-03,8.64918e-03,1.39360e-02,4.12290e-02,5.79765e-03,8.49183e-01,1.28511e-01,1.61026e-02
8.99757e-03,1.64541e-01,9.99006e-03,1.40076e-01,3.07616e-01,3.91547e-01,3.30288e-01,2.19497e-02,1.24600e-02,5.69872e-02,5.39064e-02,3.84113e-02,7.59717e-03,9.19719e-03,1.51599e-02,4.47179e-02,6.09263e-03,7.75671e-01,1.34826e-01,1.71248e-02
9.85476e-03,1.71630e-01,9.29393e-03,1.65360e-01,2.67697e-01,4.17337e-01,3.38250e-01,2.30755e-02,1.30559e-02,6.06408e-02,5.13440e-02,4.21542e-02,8.05471e-03,9.73531e-03,1.66094e-02,4.76261e-02,6.34971e-03,6.65025e-01,1.37932e-01,1.81235e-02
1.06959e-02,1.77737e-01,8.69059e-03,1.98328e-01,2.34041e-01,4.02176e-01,3.33164e-01,2.44332e-02,1.35773e-02,6.41867e-02,4.92584e-02,4.61407e-02,8.49878e-03,1.02629e-02,1.82860e-02,5.01071e-02,6.59248e-03,5.51388e-01,1.37985e-01,1.91443e-02
1.15032e-02,1.84616e-01,8.13759e-03,2.42669e-01,2.05112e-01,3.61325e-01,3.15931e-01,2.63028e-02,1.40253e-02,6.78554e-02,4.73879e-02,5.03073e-02,8.94510e-03,1.07668e-02,2.01757e-02,5.22313e-02,6.83856e-03,4.51159e-01,1.35718e-01,2.01086e-02
1.22565e-02,1.93279e-01,7.61555e-03,3.00288e-01,1.80080e-01,3.11068e-01,2.88783e-01,2.88691e-02,1.44121e-02,7.15547e-02,4.56262e-02,5.45990e-02,9.40596e-03,1.12383e-02,2.22978e-02,5.42944e-02,7.08849e-03,3.68619e-01,1.32150e-01,2.10209e-02
1.29526e-02,2.03647e-01,7.10984e-03,3.68694e-01,1.58462e-01,2.61828e-01,2.55900e-01,3.22608e-02,1.47212e-02,7.54572e-02,4.40077e-02,5.89289e-02,9.88377e-03,1.16819e-02,2.47236e-02,5.65843e-02,7.34599e-03,3.02383e-01,1.28105e-01,2.18740e-02
1.35829e-02,2.15552e-01,6.60524e-03,4.40435e-01,1.39810e-01,2.18418e-01,2.22124e-01,3.68216e-02,1.49988e-02,7.93945e-02,4.27637e-02,6.32906e-02,1.04031e-02,1.20878e-02,2.75648e-02,5.92547e-02,7.59278e-03,2.49631e-01,1.24183e-01,2.26387e-02
1.41327e-02,2.29065e-01,6.11547e-03,5.05363e-01,1.23710e-01,1.82211e-01,1.91465e-01,4.27356e-02,1.52049e-02,8.34358e-02,4.22719e-02,6.77195e-02,1.09473e-02,1.24532e-02,3.09780e-02,6.22448e-02,7.83577e-03,2.07593e-01,1.20646e-01,2.33388e-02
1.45969e-02,2.44130e-01,5.65788e-03,5.55570e-01,1.09775e-01,1.52955e-01,1.66282e-01,5.01990e-02,1.53954e-02,8.74964e-02,4.30836e-02,7.21603e-02,1.15106e-02,1.27948e-02,3.51549e-02,6.52425e-02,8.05258e-03,1.73968e-01,1.17574e-01,2.39691e-02
1.49869e-02,2.60390e-01,5.22199e-03,5.87428e-01,9.76600e-02,1.29795e-01,1.47600e-01,5.92426e-02,1.55361e-02,9.15328e-02,4.58962e-02,7.66482e-02,1.20911e-02,1.31062e-02,4.02629e-02,6.78295e-02,8.24936e-03,1.46938e-01,1.14974e-01,2.45768e-02
1.52784e-02,2.76761e-01,4.81573e-03,6.02404e-01,8.70668e-02,1.11794e-01,1.35440e-01,6.96852e-02,1.56518e-02,9.55804e-02,5.13789e-02,8.12707e-02,1.27169e-02,1.33791e-02,4.64105e-02,6.95866e-02,8.41368e-03,1.25097e-01,1.12897e-01,2.52034e-02
1.55168e-02,2.91624e-01,4.43959e-03,6.05073e-01,7.77423e-02,9.80960e-02,1.29182e-01,8.12733e-02,1.57152e-02,9.96323e-02,5.98067e-02,8.60026e-02,1.33682e-02,1.36287e-02,5.35793e-02,7.02745e-02,8.56203e-03,1.07374e-01,1.11350e-01,2.58226e-02
1.56971e-02,3.03215e-01,4.08639e-03,6.00601e-01,6.94768e-02,8.79825e-02,1.27709e-01,9.36570e-02,1.57534e-02,1.03693e-01,7.06980e-02,9.08486e-02,1.40253e-02,1.38410e-02,6.15813e-02,6.99109e-02,8.70330e-03,9.29497e-02,1.10149e-01,2.65090e-02
1.57951e-02,3.10130e-01,3.77071e-03,5.93120e-01,6.21464e-02,8.08609e-02,1.29742e-01,1.06396e-01,1.57441e-02,1.07771e-01,8.27185e-02,9.58539e-02,1.46849e-02,1.40094e-02,7.00851e-02,6.87478e-02,8.82265e-03,8.12044e-02,1.09097e-01,2.72335e-02
1.58137e-02,3.11888e-01,3.49190e-03,5.85060e-01,5.55894e-02,7.62117e-02,1.34052e-01,1.18945e-01,1.57131e-02,1.11788e-01,9.40720e-02,1.01114e-01,1.53521e-02,1.41529e-02,7.86811e-02,6.70951e-02,8.93713e-03,7.16460e-02,1.07860e-01,2.80387e-02
1.57992e-02,3.08763e-01,3.24098e-03,5.76933e-01,4.97074e-02,7.35927e-02,1.39751e-01,1.31009e-01,1.56604e-02,1.15766e-01,1.03077e-01,1.06691e-01,1.60227e-02,1.42694e-02,8.69580e-02,6.52968e-02,9.03395e-03,6.39001e-02,1.06025e-01,2.88806e-02
1.56879e-02,3.01740e-01,3.02450e-03,5.68536e-01,4.44291e-02,7.25689e-02,1.46407e-01,1.42534e-01,1.56123e-02,1.19661e-01,1.08726e-01,1.12651e-01,1.66593e-02,1.43803e-02,9.46500e-02,6.36850e-02,9.13126e-03,5.76667e-02,1.03406e-01,2.97630e-02
1.55683e-02,2.92154e-01,2.83831e-03,5.59305e-01,3.96929e-02,7.27504e-02,1.53893e-01,1.53397e-01,1.55980e-02,1.23530e-01,1.10767e-01,1.19199e-01,1.72983e-02,1.44934e-02,1.01618e-01,6.22878e-02,9.21270e-03,5.26972e-02,9.98707e-02,3.06647e-02
1.54575e-02,2.81387e-01,2.67121e-03,5.48959e-01,3.54585e-02,7.37423e-02,1.62170e-01,1.63798e-01,1.56957e-02,1.27246e-01,1.09593e-01,1.26543e-01,1.79397e-02,1.46260e-02,1.07855e-01,6.14095e-02,9.30621e-03,4.87887e-02,9.55340e-02,3.15527e-02
1.53588e-02,2.70607e-01,2.53500e-03,5.37732e-01,3.16710e-02,7.52048e-02,1.71130e-01,1.73821e-01,1.60307e-02,1.30901e-01,1.05948e-01,1.34745e-01,1.86013e-02,1.48006e-02,1.13420e-01,6.08206e-02,9.39675e-03,4.57458e-02,9.05815e-02,3.24023e-02
1.52645e-02,2.60539e-01,2.43018e-03,5.26223e-01,2.82942e-02,7.68156e-02,1.80501e-01,1.83677e-01,1.69514e-02,1.34407e-01,1.00676e-01,1.43871e-01,1.92922e-02,1.50200e-02,1.18392e-01,6.06185e-02,9.49669e-03,4.33947e-02,8.52782e-02,3.32040e-02
1.51810e-02,2.51686e-01,2.34342e-03,5.15673e-01,2.52957e-02,7.83476e-02,1.89935e-01,1.93406e-01,1.92604e-02,1.37827e-01,9.45361e-02,1.54130e-01,2.00086e-02,1.52880e-02,1.22845e-01,6.07216e-02,9.60319e-03,4.15638e-02,7.99029e-02,3.39234e-02
1.51151e-02,2.44234e-01,2.26366e-03,5.07032e-01,2.26422e-02,7.96529e-02,1.99102e-01,2.03154e-01,2.45514e-02,1.41119e-01,8.81177e-02,1.65591e-01,2.07722e-02,1.56026e-02,1.26811e-01,6.10536e-02,9.73915e-03,4.00744e-02,7.46678e-02,3.45504e-02
1.50847e-02,2.38282e-01,2.18886e-03,5.01375e-01,2.02994e-02,8.06506e-02,2.07760e-01,2.12905e-01,3.54487e-02,1.44216e-01,8.18253e-02,1.78214e-01,2.15707e-02,1.59532e-02,1.30262e-01,6.15935e-02,9.88954e-03,3.87698e-02,6.97578e-02,3.51009e-02
1.50896e-02,2.33745e-01,2.13430e-03,4.99576e-01,1.82366e-02,8.13212e-02,2.15772e-01,2.22750e-01,5.52365e-02,1.47151e-01,7.59108e-02,1.92099e-01,2.24190e-02,1.63308e-02,1.33137e-01,6.23284e-02,1.00319e-02,3.75031e-02,6.52692e-02,3.55364e-02
1.51344e-02,2.30575e-01,2.08753e-03,5.02172e-01,1.64330e-02,8.17028e-02,2.23055e-01,2.32681e-01,8.68592e-02,1.49888e-01,7.04957e-02,2.07239e-01,2.32924e-02,1.67140e-02,1.35435e-01,6.31417e-02,1.02060e-02,3.61750e-02,6.12967e-02,3.58521e-02
1.52142e-02,2.28611e-01,2.04114e-03,5.09443e-01,1.48647e-02,8.18974e-02,2.29509e-01,2.42867e-01,1.31767e-01,1.52353e-01,6.56022e-02,2.23261e-01,2.41687e-02,1.70805e-02,1.37067e-01,6.39981e-02,1.03906e-02,3.47152e-02,5.77710e-02,3.60637e-02
1.53178e-02,2.27851e-01,1.99604e-03,5.21343e-01,1.34963e-02,8.20066e-02,2.34999e-01,2.53429e-01,1.88623e-01,1.54537e-01,6.12139e-02,2.40055e-01,2.50502e-02,1.74091e-02,1.38039e-01,6.49149e-02,1.05831e-02,3.31025e-02,5.47418e-02,3.61473e-02
1.54327e-02,2.28205e-01,1.95661e-03,5.37332e-01,1.23071e-02,8.21383e-02,2.39327e-01,2.64511e-01,2.53036e-01,1.56422e-01,5.72772e-02,2.57379e-01,2.59017e-02,1.76974e-02,1.38384e-01,6.58930e-02,1.07733e-02,3.13473e-02,5.21556e-02,3.61345e-02
1.55319e-02,2.29742e-01,1.92202e-03,5.56765e-01,1.12834e-02,8.24765e-02,2.42270e-01,2.76110e-01,3.18576e-01,1.57903e-01,5.37327e-02,2.74834e-01,2.67077e-02,1.79168e-02,1.38117e-01,6.68756e-02,1.09576e-02,2.94710e-02,4.99443e-02,3.60184e-02
1.56022e-02,2.32523e-01,1.89531e-03,5.78901e-01,1.04105e-02,8.31195e-02,2.43670e-01,2.88226e-01,3.78430e-01,1.59088e-01,5.05247e-02,2.92203e-01,2.74635e-02,1.80523e-02,1.37289e-01,6.78593e-02,1.11421e-02,2.75240e-02,4.80691e-02,3.58326e-02
1.56217e-02,2.36777e-01,1.87193e-03,6.02908e-01,9.65976e-03,8.41746e-02,2.43460e-01,3.00507e-01,4.26978e-01,1.59852e-01,4.76200e-02,3.09328e-01,2.81236e-02,1.80978e-02,1.35962e-01,6.88305e-02,1.13156e-02,2.55466e-02,4.64842e-02,3.55387e-02
1.55670e-02,2.42633e-01,1.84820e-03,6.27986e-01,9.01715e-03,8.56657e-02,2.41759e-01,3.12556e-01,4.60729e-01,1.60273e-01,4.49739e-02,3.25930e-01,2.87019e-02,1.80524e-02,1.34179e-01,6.97613e-02,1.14786e-02,2.35831e-02,4.51238e-02,3.51551e-02
1.54322e-02,2.50495e-01,1.82461e-03,6.53554e-01,8.46705e-03,8.76100e-02,2.38774e-01,3.23876e-01,4.78485e-01,1.60343e-01,4.25855e-02,3.41904e-01,2.91641e-02,1.79136e-02,1.31968e-01,7.06888e-02,1.16414e-02,2.16714e-02,4.39481e-02,3.47243e-02
1.52045e-02,2.60620e-01,1.81388e-03,6.79282e-01,7.99145e-03,8.99453e-02,2.34861e-01,3.33898e-01,4.81095e-01,1.60145e-01,4.04376e-02,3.57044e-01,2.95207e-02,1.76867e-02,1.29335e-01,7.14638e-02,1.17872e-02,1.98431e-02,4.29867e-02,3.42278e-02
1.49019e-02,2.73301e-01,1.80667e-03,7.04867e-01,7.59124e-03,9.25452e-02,2.30465e-01,3.42176e-01,4.70826e-01,1.59590e-01,3.85471e-02,3.71527e-01,2.97627e-02,1.73816e-02,1.26296e-01,7.21292e-02,1.19281e-02,1.81078e-02,4.20777e-02,3.36888e-02
1.45221e-02,2.88968e-01,1.80455e-03,7.30239e-01,7.25986e-03,9.52009e-02,2.26069e-01,3.48087e-01,4.50655e-01,1.58906e-01,3.68965e-02,3.85434e-01,2.98985e-02,1.69996e-02,1.22871e-01,7.26236e-02,1.20888e-02,1.65057e-02,4.13072e-02,3.31273e-02
1.40663e-02,3.07823e-01,1.79608e-03,7.55306e-01,6.96620e-03,9.77211e-02,2.22183e-01,3.51392e-01,4.23703e-01,1.57875e-01,3.54986e-02,3.98462e-01,2.99384e-02,1.65552e-02,1.19056e-01,7.29247e-02,1.22643e-02,1.50076e-02,4.06250e-02,3.24932e-02
1.35601e-02,3.30070e-01,1.78761e-03,7.80027e-01,6.71576e-03,9.99033e-02,2.19254e-01,3.52033e-01,3.92840e-01,1.56833e-01,3.43445e-02,4.10941e-01,2.98842e-02,1.60584e-02,1.14879e-01,7.31022e-02,1.24410e-02,1.36452e-02,3.99747e-02,3.18470e-02
1.30218e-02,3.55797e-01,1.78408e-03,8.04085e-01,6.51145e-03,1.01619e-01,2.17630e-01,3.50118e-01,3.60431e-01,1.55547e-01,3.34533e-02,4.23138e-01,2.97358e-02,1.55294e-02,1.10387e-01,7.31020e-02,1.26318e-02,1.23956e-02,3.93812e-02,3.12038e-02
1.24560e-02,3.84886e-01,1.78667e-03,8.27319e-01,6.34736e-03,1.02762e-01,2.17546e-01,3.45876e-01,3.28285e-01,1.54281e-01,3.28194e-02,4.34848e-01,2.95217e-02,1.49533e-02,1.05613e-01,7.28700e-02,1.28427e-02,1.12712e-02,3.87997e-02,3.05587e-02
1.18887e-02,4.17255e-01,1.77997e-03,8.49473e-01,6.20822e-03,1.03298e-01,2.19073e-01,3.39707e-01,2.97635e-01,1.52914e-01,3.24253e-02,4.46135e-01,2.92568e-02,1.43577e-02,1.00622e-01,7.25058e-02,1.30592e-02,1.02522e-02,3.82607e-02,2.99357e-02
1.13226e-02,4.52473e-01,1.77085e-03,8.70306e-01,6.08732e-03,1.03248e-01,2.22028e-01,3.32099e-01,2.69244e-01,1.51629e-01,3.22517e-02,4.57173e-01,2.89510e-02,1.37429e-02,9.54922e-02,7.20190e-02,1.32924e-02,9.34135e-03,3.77188e-02,2.93114e-02
1.07564e-02,4.90132e-01,1.76806e-03,8.89487e-01,6.01321e-03,1.02677e-01,2.26096e-01,3.23537e-01,2.43482e-01,1.50375e-01,3.22871e-02,4.67812e-01,2.86067e-02,1.31153e-02,9.02948e-02,7.13935e-02,1.35489e-02,8.53016e-03,3.71768e-02,2.87243e-02
1.02145e-02,5.29530e-01,1.81140e-03,9.06963e-01,6.06633e-03,1.01648e-01,2.30762e-01,3.14459e-01,2.20477e-01,1.49207e-01,3.24917e-02,4.78021e-01,2.82466e-02,1.24901e-02,8.50832e-02,7.06736e-02,1.38172e-02,7.80037e-03,3.66456e-02,2.81373e-02
9.70401e-03,5.69912e-01,1.91833e-03,9.22278e-01,6.22852e-03,1.00267e-01,2.35439e-01,3.05286e-01,2.00161e-01,1.48208e-01,3.28443e-02,4.87634e-01,2.78824e-02,1.18669e-02,7.99443e-02,6.98448e-02,1.41120e-02,7.16440e-03,3.60687e-02,2.75758e-02
9.21763e-03,6.10411e-01,2.07453e-03,9.35596e-01,6.42576e-03,9.86266e-02,2.39549e-01,2.96303e-01,1.82363e-01,1.47375e-01,3.32842e-02,4.96437e-01,2.75029e-02,1.12524e-02,7.49122e-02,6.89622e-02,1.44463e-02,6.58505e-03,3.54927e-02,2.70550e-02
8.75599e-03,6.50319e-01,2.24370e-03,9.47018e-01,6.67132e-03,9.67774e-02,2.42648e-01,2.88025e-01,1.66870e-01,1.46790e-01,3.37899e-02,5.04455e-01,2.71546e-02,1.06495e-02,7.00441e-02,6.80821e-02,1.47812e-02,6.08867e-03,3.49097e-02,2.65600e-02
8.33249e-03,6.88756e-01,2.38917e-03,9.56399e-01,6.90044e-03,9.47572e-02,2.44419e-01,2.80444e-01,1.53452e-01,1.46410e-01,3.42905e-02,5.11262e-01,2.68287e-02,1.00679e-02,6.53785e-02,6.71727e-02,1.51478e-02,5.63456e-03,3.42923e-02,2.60702e-02
7.95077e-03,7.25285e-01,2.49004e-03,9.63880e-01,7.12115e-03,9.25946e-02,2.44773e-01,2.73780e-01,1.41845e-01,1.46325e-01,3.47762e-02,5.16693e-01,2.65334e-02,9.50619e-03,6.09379e-02,6.62420e-02,1.55441e-02,5.25139e-03,3.36688e-02,2.56307e-02
7.59058e-03,7.59524e-01,2.57488e-03,9.69656e-01,7.34399e-03,9.03095e-02,2.43773e-01,2.68090e-01,1.31805e-01,1.46582e-01,3.51902e-02,5.20839e-01,2.62649e-02,8.96337e-03,5.67401e-02,6.53283e-02,1.59531e-02,4.90477e-03,3.30643e-02,2.52233e-02
7.26443e-03,7.91306e-01,2.65271e-03,9.73879e-01,7.59630e-03,8.78738e-02,2.41584e-01,2.63448e-01,1.23138e-01,1.47203e-01,3.55104e-02,5.23470e-01,2.60272e-02,8.45271e-03,5.27828e-02,6.44685e-02,1.63834e-02,4.61364e-03,3.24168e-02,2.48243e-02
6.96347e-03,8.20850e-01,2.71903e-03,9.76674e-01,7.82204e-03,8.52837e-02,2.38516e-01,2.59820e-01,1.15594e-01,1.48155e-01,3.57223e-02,5.24541e-01,2.58303e-02,7.96027e-03,4.90643e-02,6.36148e-02,1.68323e-02,4.35415e-03,3.17429e-02,2.44402e-02
6.68267e-03,8.48256e-01,2.77909e-03,9.78098e-01,8.06161e-03,8.25607e-02,2.34865e-01,2.57202e-01,1.09022e-01,1.49565e-01,3.58125e-02,5.24108e-01,2.56670e-02,7.49340e-03,4.55925e-02,6.27961e-02,1.73023e-02,4.13973e-03,3.10723e-02,2.41139e-02
6.42719e-03,8.74042e-01,2.83007e-03,9.78307e-01,8.33797e-03,7.96773e-02,2.30959e-01,2.55589e-01,1.03245e-01,1.51344e-01,3.57816e-02,5.22268e-01,2.55211e-02,7.05014e-03,4.23671e-02,6.20235e-02,1.77813e-02,3.95362e-03,3.03902e-02,2.37847e-02
6.19019e-03,8.98510e-01,2.86486e-03,9.77388e-01,8.56738e-03,7.66508e-02,2.27063e-01,2.54845e-01,9.81105e-02,1.53662e-01,3.56209e-02,5.19217e-01,2.54075e-02,6.64537e-03,3.93693e-02,6.12575e-02,1.82840e-02,3.79552e-03,2.96996e-02,2.34862e-02
5.95959e-03,9.22126e-01,2.86754e-03,9.75365e-01,8.84518e-03,7.35305e-02,2.23427e-01,2.54939e-01,9.35267e-02,1.56419e-01,3.53548e-02,5.15034e-01,2.53054e-02,6.26806e-03,3.65989e-02,6.05236e-02,1.88116e-02,3.65419e-03,2.90001e-02,2.32124e-02
5.76103e-03,9.45165e-01,2.84172e-03,9.72236e-01,9.14653e-03,7.03084e-02,2.20191e-01,2.55707e-01,8.93195e-02,1.59700e-01,3.49776e-02,5.10080e-01,2.52277e-02,5.91911e-03,3.40397e-02,5.98024e-02,1.93685e-02,3.54273e-03,2.83244e-02,2.29712e-02
5.57574e-03,9.67975e-01,2.78963e-03,9.67990e-01,9.41278e-03,6.70451e-02,2.17401e-01,2.57049e-01,8.54636e-02,1.63590e-01,3.45052e-02,5.04756e-01,2.51552e-02,5.60427e-03,3.16894e-02,5.90841e-02,1.99347e-02,3.44353e-03,2.76576e-02,2.27364e-02
5.40277e-03,9.90612e-01,2.71837e-03,9.62581e-01,9.89142e-03,6.37534e-02,2.15102e-01,2.58881e-01,8.18612e-02,1.68010e-01,3.39503e-02,4.99061e-01,2.50896e-02,5.31426e-03,2.95245e-02,5.83825e-02,2.05092e-02,3.36585e-03,2.69860e-02,2.25229e-02
5.23868e-03,1.01296e+00,3.38239e-03,9.55874e-01,1.06794e-02,6.04858e-02,2.13224e-01,2.61063e-01,7.84487e-02,1.73102e-01,3.33276e-02,4.93303e-01,2.50211e-02,5.05455e-03,2.75367e-02,5.77009e-02,2.11019e-02,3.42612e-03,2.63377e-02,2.23432e-02
5.09043e-03,1.03489e+00,4.61254e-03,9.47766e-01,1.22043e-02,5.72754e-02,2.11688e-01,2.63464e-01,7.57787e-02,1.78814e-01,3.26509e-02,4.87904e-01,2.49511e-02,4.82465e-03,2.57151e-02,5.70212e-02,2.16977e-02,3.92777e-03,2.57134e-02,2.21867e-02
5.23264e-03,1.05606e+00,6.88260e-03,9.38426e-01,1.53733e-02,5.41397e-02,2.10392e-01,2.65961e-01,7.37338e-02,1.85917e-01,3.19315e-02,4.83254e-01,2.51589e-02,6.31375e-03,2.40452e-02,5.63537e-02,2.23489e-02,4.48706e-03,2.51061e-02,2.21412e-02
5.89270e-03,1.07607e+00,9.63060e-03,9.27771e-01,1.98614e-02,5.11241e-02,2.09227e-01,2.68479e-01,7.20790e-02,1.93503e-01,3.11711e-02,4.79440e-01,2.53691e-02,7.90108e-03,2.25213e-02,5.57266e-02,2.34137e-02,4.99660e-03,2.46884e-02,2.21098e-02
6.55171e-03,1.09454e+00,1.41252e-02,9.15927e-01,3.74809e-02,4.82121e-02,2.08109e-01,2.70894e-01,7.08563e-02,2.02531e-01,3.03938e-02,4.76818e-01,2.56570e-02,9.40531e-03,2.11361e-02,5.51254e-02,2.46079e-02,5.79705e-03,2.44320e-02,2.29037e-02
6.95544e-03,1.11098e+00,1.92673e-02,9.03051e-01,1.04797e-01,4.54465e-02,2.06939e-01,2.73291e-01,6.99140e-02,2.12914e-01,2.95947e-02,4.75625e-01,2.61564e-02,1.13701e-02,1.98757e-02,5.45576e-02,2.58576e-02,6.66064e-03,2.42971e-02,2.37137e-02
7.65277e-03,1.12500e+00,2.51892e-02,8.89392e-01,1.94509e-01,4.28295e-02,2.05614e-01,2.75544e-01,6.90618e-02,2.24792e-01,2.87872e-02,4.76101e-01,2.77000e-02,1.37355e-02,1.87279e-02,5.40074e-02,2.70972e-02,7.55454e-03,2.42585e-02,2.46665e-02
8.85998e-03,1.13614e+00,3.04772e-02,8.75089e-01,2.85934e-01,4.03617e-02,2.04099e-01,2.77615e-01,6.81975e-02,2.38802e-01,2.79749e-02,4.78476e-01,3.70043e-02,1.63669e-02,1.76950e-02,5.35256e-02,2.82546e-02,8.41712e-03,2.41959e-02,2.57521e-02
1.03797e-02,1.14415e+00,3.49475e-02,8.60644e-01,3.80667e-01,3.80506e-02,2.02352e-01,2.79618e-01,6.74658e-02,2.56343e-01,2.71475e-02,4.83144e-01,4.80458e-02,1.91264e-02,1.67604e-02,5.31075e-02,2.92878e-02,9.28878e-03,2.41805e-02,2.69079e-02
1.25750e-02,1.14873e+00,4.13523e-02,8.46326e-01,4.83125e-01,3.58834e-02,2.00340e-01,2.81416e-01,6.77547e-02,2.79712e-01,2.63142e-02,4.90491e-01,6.38297e-02,2.41188e-02,1.59082e-02,5.27106e-02,3.02025e-02,1.31983e-02,2.41803e-02,2.80209e-02
1.94662e-02,1.14977e+00,4.86090e-02,8.32355e-01,6.36534e-01,3.38706e-02,1.98078e-01,2.83197e-01,6.99229e-02,3.12980e-01,2.54715e-02,5.00830e-01,1.08497e-01,3.55165e-02,1.51493e-02,5.23929e-02,3.21680e-02,1.58047e-02,2.42436e-02,2.92917e-02
3.14521e-02,1.15284e+00,5.60576e-02,8.19589e-01,8.28564e-01,3.34563e-02,1.96370e-01,2.86487e-01,7.33453e-02,3.60827e-01,2.46522e-02,5.14694e-01,1.67286e-01,4.97348e-02,1.48058e-02,5.21213e-02,3.46795e-02,1.88900e-02,2.45857e-02,3.07874e-02
4.58248e-02,1.15650e+00,6.13931e-02,8.08076e-01,1.07538e+00,3.33975e-02,1.94733e-01,2.91325e-01,7.78151e-02,4.28461e-01,2.42556e-02,5.31847e-01,2.33703e-01,6.78854e-02,1.48057e-02,5.19237e-02,3.71513e-02,2.36070e-02,2.57835e-02,3.25893e-02
6.62652e-02,1.14989e+00,6.51106e-02,7.98016e-01,1.34300e+00,3.39726e-02,1.93383e-01,2.94801e-01,8.31577e-02,5.18858e-01,2.40279e-02,5.52674e-01,3.14255e-01,8.80721e-02,1.46286e-02,5.18517e-02,3.94575e-02,2.82214e-02,2.75356e-02,3.51328e-02
9.81839e-02,1.14176e+00,6.84566e-02,7.89091e-01,1.51500e+00,3.45646e-02,1.92309e-01,2.96537e-01,8.91267e-02,6.31354e-01,2.38672e-02,5.77177e-01,3.85568e-01,1.07551e-01,1.46403e-02,5.20039e-02,4.14929e-02,3.21265e-02,2.95481e-02,3.82569e-02
1.44362e-01,1.13232e+00,7.14561e-02,7.81245e-01,1.56966e+00,3.49077e-02,1.91385e-01,2.97495e-01,9.57740e-02,7.62816e-01,2.38785e-02,6.05573e-01,5.26410e-01,1.25742e-01,1.47092e-02,5.24668e-02,4.33141e-02,3.52589e-02,3.13864e-02,4.15959e-02
2.01275e-01,1.12376e+00,7.35297e-02,7.74453e-01,1.54654e+00,3.51057e-02,1.90463e-01,2.97716e-01,1.03315e-01,9.08512e-01,2.38247e-02,6.37883e-01,1.13711e+00,1.43289e-01,1.48513e-02,5.31329e-02,4.50195e-02,3.77858e-02,3.29990e-02,4.49005e-02
2.59596e-01,1.11595e+00,7.39567e-02,7.68723e-01,1.49478e+00,3.53498e-02,1.89344e-01,2.97146e-01,1.11972e-01,1.06251e+00,2.36256e-02,6.73962e-01,2.79445e+00,1.61075e-01,1.50663e-02,5.39255e-02,4.66337e-02,3.98979e-02,3.42845e-02,4.80661e-02
3.10429e-01,1.10788e+00,7.22660e-02,7.64036e-01,1.43928e+00,3.58040e-02,1.88086e-01,2.96040e-01,1.21687e-01,1.21872e+00,2.30929e-02,7.13588e-01,4.97816e+00,1.79076e-01,1.53399e-02,5.48603e-02,4.82386e-02,4.17416e-02,3.53864e-02,5.12373e-02
3.50703e-01,1.09782e+00,6.85765e-02,7.60358e-01,1.37696e+00,3.64979e-02,1.86776e-01,2.94429e-01,1.32300e-01,1.37153e+00,2.23583e-02,7.56407e-01,6.78081e+00,1.95954e-01,1.55582e-02,5.59115e-02,4.98032e-02,4.33152e-02,3.63072e-02,5.44718e-02
3.82930e-01,1.08455e+00,6.34354e-02,7.57825e-01,1.29728e+00,3.73904e-02,1.85316e-01,2.92269e-01,1.43508e-01,1.51596e+00,2.15807e-02,8.01889e-01,8.04969e+00,2.10831e-01,1.57741e-02,5.69875e-02,5.14538e-02,4.47436e-02,3.71207e-02,5.78449e-02
4.11939e-01,1.06807e+00,5.75557e-02,7.56395e-01,1.19660e+00,3.83607e-02,1.83393e-01,2.89409e-01,1.55152e-01,1.64784e+00,2.08094e-02,8.49706e-01,9.10567e+00,2.23777e-01,1.60563e-02,5.80952e-02,5.33052e-02,4.66892e-02,3.78875e-02,6.13407e-02
4.41078e-01,1.04957e+00,5.15698e-02,7.55737e-01,1.07973e+00,3.93278e-02,1.80801e-01,2.86076e-01,1.67118e-01,1.76368e+00,2.00588e-02,8.99346e-01,1.02364e+01,2.36022e-01,1.64285e-02,5.91561e-02,5.54728e-02,5.14632e-02,3.86065e-02,6.49977e-02
4.70024e-01,1.03037e+00,4.59404e-02,7.55701e-01,9.55228e-01,4.01912e-02,1.77408e-01,2.82324e-01,1.79166e-01,1.86060e+00,1.93544e-02,9.50421e-01,1.14822e+01,2.49443e-01,1.68913e-02,6.01160e-02,5.82375e-02,6.64593e-02,3.91909e-02,6.87838e-02
4.95781e-01,1.01163e+00,4.08943e-02,7.56051e-01,8.31219e-01,4.09058e-02,1.73185e-01,2.78358e-01,1.90796e-01,1.93674e+00,1.87065e-02,1.00301e+00,1.27309e+01,2.66434e-01,1.74194e-02,6.09822e-02,6.21470e-02,1.08818e-01,3.96596e-02,7.27214e-02
5.15294e-01,9.94015e-01,3.65235e-02,7.56315e-01,7.13660e-01,4.13665e-02,1.68196e-01,2.74417e-01,2.01530e-01,1.99147e+00,1.80897e-02,1.05678e+00,1.38892e+01,2.89738e-01,1.79566e-02,6.17335e-02,6.83499e-02,1.95092e-01,3.99401e-02,7.67968e-02
5.27247e-01,9.77691e-01,3.28368e-02,7.56338e-01,6.06390e-01,4.15306e-02,1.62700e-01,2.70569e-01,2.11132e-01,2.02496e+00,1.74911e-02,1.11213e+00,1.48983e+01,3.21736e-01,1.85206e-02,6.23632e-02,7.85709e-02,3.18780e-01,4.00557e-02,8.10398e-02
5.32163e-01,9.62585e-01,2.97265e-02,7.56016e-01,5.11349e-01,4.13029e-02,1.56896e-01,2.67086e-01,2.19846e-01,2.03833e+00,1.69011e-02,1.16970e+00,1.56635e+01,3.63113e-01,1.90864e-02,6.28844e-02,9.43481e-02,4.51106e-01,4.01078e-02,8.54072e-02
5.31316e-01,9.48898e-01,2.71068e-02,7.55223e-01,4.29007e-01,4.06804e-02,1.51043e-01,2.64021e-01,2.28522e-01,2.03323e+00,1.63351e-02,1.22963e+00,1.60626e+01,4.11149e-01,1.96604e-02,6.33426e-02,1.15467e-01,5.59474e-01,4.00502e-02,8.98529e-02
5.25969e-01,9.37068e-01,2.48463e-02,7.54115e-01,3.58922e-01,3.97225e-02,1.45321e-01,2.61454e-01,2.38281e-01,2.01157e+00,1.57883e-02,1.29280e+00,1.60147e+01,4.59627e-01,2.02509e-02,6.36950e-02,1.39080e-01,6.23204e-01,3.99574e-02,9.43278e-02
5.17106e-01,9.27428e-01,2.28442e-02,7.52560e-01,3.00062e-01,3.84768e-02,1.39860e-01,2.59472e-01,2.50055e-01,1.97552e+00,1.52532e-02,1.36053e+00,1.55223e+01,5.01168e-01,2.08681e-02,6.39499e-02,1.60811e-01,6.38841e-01,3.98691e-02,9.87299e-02
5.05665e-01,9.20442e-01,2.10131e-02,7.50514e-01,2.51119e-01,3.70441e-02,1.34685e-01,2.58050e-01,2.64168e-01,1.92722e+00,1.47523e-02,1.43364e+00,1.46637e+01,5.30522e-01,2.15305e-02,6.40873e-02,1.76997e-01,6.15433e-01,3.97906e-02,1.02984e-01
4.92728e-01,9.16230e-01,1.93046e-02,7.48074e-01,2.10663e-01,3.55156e-02,1.29795e-01,2.57124e-01,2.80048e-01,1.86914e+00,1.42822e-02,1.51308e+00,1.35575e+01,5.46583e-01,2.22402e-02,6.41565e-02,1.86065e-01,5.66925e-01,3.97130e-02,1.07097e-01
4.79567e-01,9.15031e-01,1.77157e-02,7.45036e-01,1.77345e-01,3.39921e-02,1.25186e-01,2.56781e-01,2.96519e-01,1.80331e+00,1.38528e-02,1.59982e+00,1.23262e+01,5.51925e-01,2.30201e-02,6.40977e-02,1.88361e-01,5.06324e-01,3.96485e-02,1.11029e-01
4.67640e-01,9.17012e-01,1.62281e-02,7.41435e-01,1.49955e-01,3.24948e-02,1.20848e-01,2.56979e-01,3.11995e-01,1.73169e+00,1.34592e-02,1.69466e+00,1.10749e+01,5.51522e-01,2.38514e-02,6.39887e-02,1.85570e-01,4.43199e-01,3.96110e-02,1.14725e-01
4.58357e-01,9.22032e-01,1.48432e-02,7.37175e-01,1.27442e-01,3.11206e-02,1.16777e-01,2.57714e-01,3.25340e-01,1.65648e+00,1.31058e-02,1.79767e+00,9.88100e+00,5.50634e-01,2.47651e-02,6.37723e-02,1.79687e-01,3.83267e-01,3.95747e-02,1.18363e-01
4.52709e-01,9.29861e-01,1.36275e-02,7.31983e-01,1.08912e-01,2.98756e-02,1.12948e-01,2.59022e-01,3.35962e-01,1.57925e+00,1.27783e-02,1.90853e+00,8.79262e+00,5.53265e-01,2.57369e-02,6.34873e-02,1.72567e-01,3.29381e-01,3.95562e-02,1.21954e-01
4.51079e-01,9.40333e-01,1.25193e-02,7.25996e-01,9.36352e-02,2.87744e-02,1.09393e-01,2.60892e-01,3.44005e-01,1.50152e+00,1.24854e-02,2.02589e+00,7.83308e+00,5.61332e-01,2.67825e-02,6.31392e-02,1.65617e-01,2.82282e-01,3.95724e-02,1.25637e-01
4.52927e-01,9.53175e-01,1.15648e-02,7.19225e-01,8.10096e-02,2.78088e-02,1.06117e-01,2.63398e-01,3.50115e-01,1.42459e+00,1.22098e-02,2.14816e+00,7.00719e+00,5.74102e-01,2.78821e-02,6.27721e-02,1.59781e-01,2.41857e-01,3.95880e-02,1.29534e-01
4.56918e-01,9.68029e-01,1.07224e-02,7.11631e-01,7.05311e-02,2.70032e-02,1.03135e-01,2.66551e-01,3.55214e-01,1.34956e+00,1.19532e-02,2.27322e+00,6.30622e+00,5.88723e-01,2.90318e-02,6.23904e-02,1.55635e-01,2.07540e-01,3.95864e-02,1.33893e-01
4.61106e-01,9.84571e-01,9.96838e-03,7.03345e-01,6.18401e-02,2.63321e-02,1.00467e-01,2.70378e-01,3.60280e-01,1.27709e+00,1.17182e-02,2.39818e+00,5.71809e+00,6.01293e-01,3.02152e-02,6.20198e-02,1.53512e-01,1.78560e-01,3.95748e-02,1.38926e-01
4.63422e-01,1.00246e+00,9.33065e-03,6.94403e-01,5.45693e-02,2.57839e-02,9.81156e-02,2.74892e-01,3.66142e-01,1.20794e+00,1.15025e-02,2.52027e+00,5.22888e+00,6.08064e-01,3.14232e-02,6.16990e-02,1.53533e-01,1.54093e-01,3.95516e-02,1.44899e-01
4.62153e-01,1.02113e+00,8.79723e-03,6.85094e-01,4.84781e-02,2.53565e-02,9.60608e-02,2.80030e-01,3.73202e-01,1.14247e+00,1.13076e-02,2.63659e+00,4.82267e+00,6.06568e-01,3.26492e-02,6.14239e-02,1.55717e-01,1.33444e-01,3.94823e-02,1.52013e-01
4.56192e-01,1.04037e+00,8.34789e-03,6.75642e-01,4.33741e-02,2.50389e-02,9.42997e-02,2.85788e-01,3.81638e-01,1.08098e+00,1.11373e-02,2.74455e+00,4.48482e+00,5.95842e-01,3.38924e-02,6.11959e-02,1.59931e-01,1.16021e-01,3.93788e-02,1.60560e-01
4.45199e-01,1.05973e+00,7.95476e-03,6.66273e-01,3.90823e-02,2.48377e-02,9.28078e-02,2.92176e-01,3.91299e-01,1.02371e+00,1.09805e-02,2.84179e+00,4.20179e+00,5.76368e-01,3.51431e-02,6.10655e-02,1.65797e-01,1.01284e-01,3.92422e-02,1.70532e-01
4.29428e-01,1.07886e+00,7.62400e-03,6.57145e-01,3.54486e-02,2.47252e-02,9.15505e-02,2.99032e-01,4.01941e-01,9.70707e-01,1.08446e-02,2.92645e+00,3.96121e+00,5.49660e-01,3.63988e-02,6.10231e-02,1.72699e-01,8.87882e-02,3.90512e-02,1.82176e-01
4.09624e-01,1.09748e+00,7.32609e-03,6.48283e-01,3.23525e-02,2.46885e-02,9.04765e-02,3.06357e-01,4.13321e-01,9.22040e-01,1.07328e-02,2.99705e+00,3.75179e+00,5.17713e-01,3.76554e-02,6.10849e-02,1.79847e-01,7.81633e-02,3.88460e-02,1.95440e-01
3.86806e-01,1.11520e+00,7.07736e-03,6.39876e-01,2.97217e-02,2.47563e-02,8.95438e-02,3.14075e-01,4.25344e-01,8.77790e-01,1.06337e-02,3.05236e+00,3.56396e+00,4.82595e-01,3.89051e-02,6.11799e-02,1.86459e-01,6.91075e-02,3.86442e-02,2.10204e-01
3.62028e-01,1.13198e+00,6.86021e-03,6.32041e-01,2.74774e-02,2.48814e-02,8.87086e-02,3.22165e-01,4.38172e-01,8.37970e-01,1.05566e-02,3.09214e+00,3.38985e+00,4.46138e-01,4.01290e-02,6.13729e-02,1.91920e-01,6.13659e-02,3.84567e-02,2.26268e-01
3.36304e-01,1.14753e+00,6.66556e-03,6.24789e-01,2.55445e-02,2.50923e-02,8.79378e-02,3.30512e-01,4.52364e-01,8.02426e-01,1.04981e-02,3.11636e+00,3.22362e+00,4.09810e-01,4.13100e-02,6.16344e-02,1.95846e-01,5.47168e-02,3.83001e-02,2.43318e-01
3.10476e-01,1.16170e+00,6.48493e-03,6.18239e-01,2.38823e-02,2.53789e-02,8.71813e-02,3.39131e-01,4.68803e-01,7.71326e-01,1.04499e-02,3.12497e+00,3.06143e+00,3.74705e-01,4.24267e-02,6.19449e-02,1.98192e-01,4.89868e-02,3.81722e-02,2.60958e-01
2.85254e-01,1.17434e+00,6.30778e-03,6.12275e-01,2.24530e-02,2.57152e-02,8.64081e-02,3.48039e-01,4.88628e-01,7.44556e-01,1.04180e-02,3.11916e+00,2.90105e+00,3.41516e-01,4.34629e-02,6.22720e-02,1.99110e-01,4.40321e-02,3.80970e-02,2.78693e-01
2.61124e-01,1.18549e+00,6.15265e-03,6.07003e-01,2.12239e-02,2.61120e-02,8.56139e-02,3.57201e-01,5.12827e-01,7.21957e-01,1.04003e-02,3.09980e+00,2.74158e+00,3.10630e-01,4.44005e-02,6.26505e-02,1.99014e-01,3.97393e-02,3.80867e-02,2.96000e-01
2.38428e-01,1.19483e+00,6.01467e-03,6.02437e-01,2.01766e-02,2.65641e-02,8.47943e-02,3.66693e-01,5.41892e-01,7.03586e-01,1.03941e-02,3.06810e+00,2.58302e+00,2.82251e-01,4.52236e-02,6.30147e-02,1.98463e-01,3.60134e-02,3.81515e-02,3.12305e-01
2.17348e-01,1.20266e+00,5.90005e-03,5.98574e-01,1.92803e-02,2.70634e-02,8.39388e-02,3.76567e-01,5.75310e-01,6.89306e-01,1.03975e-02,3.02564e+00,2.42629e+00,2.56405e-01,4.59031e-02,6.33871e-02,1.97947e-01,3.27649e-02,3.82882e-02,3.26969e-01
1.97969e-01,1.20876e+00,5.81356e-03,5.95632e-01,1.85292e-02,2.76121e-02,8.30843e-02,3.86634e-01,6.11456e-01,6.78738e-01,1.03999e-02,2.97359e+00,2.27249e+00,2.33017e-01,4.64681e-02,6.37338e-02,1.98010e-01,2.99266e-02,3.85270e-02,3.39415e-01
1.80312e-01,1.21333e+00,5.74754e-03,5.93626e-01,1.78525e-02,2.82047e-02,8.22008e-02,3.97154e-01,6.47787e-01,6.71738e-01,1.04043e-02,2.91393e+00,2.12290e+00,2.11956e-01,4.68956e-02,6.40601e-02,1.99145e-01,2.74503e-02,3.88583e-02,3.49229e-01
1.64326e-01,1.21634e+00,5.71146e-03,5.92454e-01,1.72889e-02,2.88363e-02,8.13107e-02,4.08141e-01,6.81413e-01,6.67926e-01,1.04031e-02,2.84819e+00,1.97873e+00,1.93055e-01,4.72156e-02,6.43710e-02,2.01742e-01,2.52754e-02,3.92711e-02,3.56140e-01
1.49916e-01,1.21786e+00,5.69101e-03,5.92239e-01,1.68457e-02,2.95004e-02,8.04170e-02,4.19559e-01,7.09639e-01,6.66700e-01,1.03912e-02,2.77797e+00,1.84112e+00,1.76133e-01,4.74379e-02,6.46367e-02,2.06197e-01,2.33637e-02,3.97645e-02,3.60124e-01
1.36981e-01,1.21810e+00,5.68199e-03,5.92993e-01,1.64509e-02,3.01732e-02,7.95271e-02,4.31413e-01,7.30343e-01,6.67715e-01,1.03635e-02,2.70461e+00,1.71096e+00,1.61010e-01,4.75772e-02,6.49432e-02,2.12901e-01,2.16924e-02,4.03488e-02,3.61354e-01
1.25394e-01,1.21700e+00,5.68590e-03,5.94723e-01,1.61129e-02,3.08623e-02,7.86294e-02,4.43727e-01,7.42250e-01,6.70370e-01,1.03216e-02,2.62975e+00,1.58892e+00,1.47515e-01,4.76555e-02,6.52730e-02,2.22204e-01,2.02190e-02,4.10209e-02,3.60276e-01
1.15042e-01,1.21469e+00,5.68855e-03,5.97472e-01,1.58365e-02,3.15462e-02,7.77244e-02,4.56454e-01,7.44915e-01,6.74131e-01,1.02758e-02,2.55475e+00,1.47550e+00,1.35476e-01,4.76764e-02,6.56898e-02,2.34439e-01,1.89079e-02,4.17270e-02,3.57900e-01
1.05798e-01,1.21122e+00,5.69916e-03,6.01100e-01,1.55857e-02,3.22130e-02,7.68066e-02,4.69509e-01,7.38734e-01,6.78429e-01,1.02248e-02,2.48062e+00,1.37090e+00,1.24724e-01,4.76343e-02,6.62100e-02,2.49917e-01,1.77454e-02,4.24540e-02,3.59937e-01
9.75679e-02,1.20665e+00,5.70744e-03,6.05705e-01,1.53661e-02,3.28212e-02,7.58587e-02,4.82834e-01,7.24588e-01,6.82780e-01,1.01715e-02,2.40854e+00,1.27521e+00,1.15135e-01,4.75357e-02,6.69049e-02,2.69088e-01,1.67147e-02,4.31947e-02,4.64468e-01
9.02051e-02,1.20119e+00,5.70864e-03,6.11076e-01,1.51798e-02,3.33915e-02,7.48877e-02,4.96313e-01,7.03801e-01,6.86825e-01,1.01151e-02,2.33947e+00,1.18843e+00,1.06553e-01,4.73602e-02,6.78071e-02,2.92617e-01,1.58022e-02,4.39301e-02,1.67875e+00
8.36570e-02,1.19479e+00,5.70617e-03,6.17364e-01,1.50225e-02,3.38951e-02,7.39035e-02,5.09637e-01,6.77876e-01,6.90125e-01,1.00608e-02,2.27411e+00,1.11030e+00,9.88814e-02,4.71134e-02,6.89374e-02,3.21492e-01,1.49909e-02,4.46214e-02,4.37066e+00
7.78159e-02,1.18772e+00,5.69710e-03,6.24530e-01,1.48818e-02,3.43247e-02,7.29026e-02,5.22760e-01,6.48293e-01,6.92416e-01,1.00130e-02,2.21309e+00,1.04063e+00,9.20110e-02,4.67634e-02,7.03103e-02,3.57137e-01,1.42793e-02,4.52376e-02,6.44603e+00
7.26032e-02,1.18000e+00,5.68222e-03,6.32524e-01,1.47504e-02,3.46704e-02,7.18813e-02,5.35533e-01,6.16470e-01,6.93470e-01,9.97174e-03,2.15699e+00,9.79073e-01,8.58422e-02,4.63201e-02,7.19078e-02,4.01411e-01,1.36462e-02,4.57617e-02,8.18388e+00
6.79469e-02,1.17180e+00,5.66169e-03,6.41243e-01,1.46308e-02,3.49215e-02,7.08604e-02,5.47666e-01,5.83633e-01,6.93126e-01,9.93932e-03,2.10614e+00,9.25165e-01,8.02910e-02,4.57489e-02,7.37836e-02,4.56185e-01,1.30921e-02,4.61820e-02,1.01453e+01
6.37789e-02,1.16324e+00,5.63708e-03,6.50722e-01,1.45126e-02,3.50940e-02,6.98515e-02,5.59008e-01,5.50808e-01,6.91431e-01,9.91935e-03,2.06072e+00,8.78474e-01,7.52957e-02,4.50609e-02,7.59181e-02,5.22698e-01,1.26092e-02,4.64735e-02,1.18111e+01
6.00587e-02,1.15454e+00,5.61221e-03,6.60915e-01,1.43986e-02,3.51628e-02,6.88700e-02,5.69476e-01,5.18734e-01,6.88231e-01,9.90839e-03,2.02108e+00,8.38498e-01,7.07891e-02,4.42416e-02,7.82301e-02,6.00821e-01,1.21731e-02,4.66302e-02,1.29840e+01
5.67255e-02,1.14586e+00,5.58995e-03,6.71848e-01,1.43024e-02,3.51622e-02,6.79153e-02,5.78783e-01,4.87985e-01,6.83732e-01,9.90943e-03,1.98708e+00,8.04562e-01,6.67264e-02,4.33129e-02,8.07305e-02,6.88481e-01,1.18028e-02,4.66506e-02,1.37599e+01
5.37234e-02,1.13733e+00,5.56558e-03,6.83396e-01,1.42138e-02,3.50820e-02,6.69986e-02,5.86981e-01,4.58890e-01,6.78023e-01,9.92654e-03,1.95852e+00,7.75972e-01,6.30525e-02,4.22723e-02,8.33858e-02,7.81907e-01,1.14804e-02,4.65449e-02,1.45368e+01
5.10354e-02,1.12901e+00,5.53783e-03,6.95575e-01,1.41359e-02,3.49377e-02,6.61371e-02,5.93910e-01,4.31640e-01,6.71220e-01,9.96087e-03,1.93534e+00,7.51992e-01,5.97365e-02,4.11371e-02,8.61662e-02,8.76306e-01,1.11970e-02,4.63033e-02,1.54168e+01
4.86116e-02,1.12103e+00,5.51328e-03,7.08297e-01,1.40669e-02,3.47212e-02,6.53357e-02,5.99393e-01,4.06337e-01,6.63553e-01,1.00139e-02,1.91741e+00,7.31815e-01,5.67398e-02,3.99166e-02,8.90627e-02,9.66654e-01,1.09563e-02,4.59258e-02,1.60814e+01
4.64478e-02,1.11335e+00,5.49653e-03,7.21481e-01,1.40117e-02,3.44727e-02,6.46224e-02,6.03608e-01,3.82897e-01,6.55075e-01,1.00870e-02,1.90416e+00,7.14600e-01,5.40379e-02,3.86426e-02,9.19782e-02,1.04847e+00,1.07519e-02,4.54385e-02,1.63633e+01
4.45019e-02,1.10624e+00,5.47786e-03,7.34972e-01,1.39576e-02,3.41704e-02,6.39897e-02,6.06434e-01,3.61224e-01,6.46181e-01,1.01770e-02,1.89564e+00,6.99540e-01,5.16047e-02,3.73209e-02,9.49645e-02,1.11834e+00,1.05766e-02,4.48701e-02,1.63464e+01
4.27697e-02,1.09945e+00,5.46118e-03,7.48722e-01,1.39075e-02,3.38295e-02,6.34574e-02,6.07938e-01,3.41196e-01,6.36892e-01,1.02824e-02,1.89106e+00,6.85940e-01,4.94240e-02,3.59808e-02,9.79935e-02,1.17403e+00,1.04150e-02,4.41856e-02,1.61597e+01
4.12156e-02,1.09303e+00,5.44249e-03,7.62494e-01,1.38665e-02,3.34553e-02,6.30294e-02,6.08173e-01,3.22665e-01,6.27626e-01,1.04037e-02,1.88970e+00,6.73132e-01,4.74739e-02,3.46324e-02,1.00957e-01,1.21462e+00,1.02840e-02,4.34216e-02,1.58683e+01
3.98395e-02,1.08711e+00,5.43654e-03,7.76278e-01,1.38335e-02,3.30347e-02,6.27318e-02,6.07198e-01,3.05451e-01,6.18436e-01,1.05338e-02,1.89144e+00,6.60554e-01,4.57263e-02,3.32873e-02,1.03930e-01,1.24033e+00,1.01610e-02,4.26175e-02,1.54600e+01
3.86189e-02,1.08161e+00,5.43492e-03,7.89847e-01,1.37987e-02,3.26041e-02,6.25369e-02,6.05087e-01,2.89415e-01,6.09549e-01,1.06674e-02,1.89552e+00,6.47791e-01,4.41793e-02,3.19730e-02,1.06787e-01,1.25217e+00,1.00591e-02,4.18158e-02,1.49394e+01
3.75427e-02,1.07628e+00,5.43633e-03,8.02982e-01,1.37701e-02,3.21170e-02,6.24647e-02,6.01945e-01,2.74457e-01,6.01108e-01,1.07978e-02,1.90142e+00,6.34514e-01,4.28175e-02,3.07002e-02,1.09582e-01,1.25162e+00,9.97713e-03,4.09471e-02,1.43400e+01
3.65912e-02,1.07120e+00,5.43782e-03,8.15672e-01,1.37509e-02,3.16151e-02,6.24961e-02,5.97909e-01,2.60398e-01,5.93253e-01,1.09317e-02,1.90849e+00,6.20553e-01,4.16214e-02,2.94678e-02,1.12304e-01,1.24059e+00,9.89921e-03,4.00928e-02,1.36891e+01
3.57460e-02,1.06638e+00,5.43863e-03,8.27652e-01,1.37376e-02,3.10729e-02,6.26409e-02,5.93089e-01,2.47188e-01,5.86101e-01,1.10657e-02,1.91625e+00,6.05774e-01,4.05812e-02,2.82886e-02,1.14945e-01,1.22087e+00,9.83503e-03,3.92239e-02,1.30012e+01
3.50139e-02,1.06164e+00,5.43835e-03,8.38855e-01,1.37242e-02,3.05210e-02,6.28879e-02,5.87489e-01,2.34746e-01,5.79738e-01,1.11949e-02,1.92432e+00,5.90205e-01,3.96845e-02,2.71648e-02,1.17474e-01,1.19433e+00,9.77514e-03,3.83840e-02,1.22889e+01
3.43792e-02,1.05689e+00,5.44301e-03,8.49147e-01,1.37216e-02,2.99507e-02,6.32150e-02,5.81313e-01,2.22983e-01,5.74255e-01,1.13150e-02,1.93204e+00,5.73882e-01,3.89188e-02,2.60982e-02,1.19993e-01,1.16255e+00,9.73331e-03,3.75874e-02,1.15639e+01
3.38420e-02,1.05214e+00,5.44982e-03,8.58380e-01,1.37185e-02,2.93704e-02,6.36278e-02,5.74513e-01,2.11890e-01,5.69699e-01,1.14249e-02,1.93914e+00,5.56915e-01,3.82773e-02,2.50953e-02,1.22421e-01,1.12707e+00,9.69992e-03,3.68097e-02,1.08365e+01
3.33850e-02,1.04725e+00,5.45502e-03,8.66461e-01,1.37003e-02,2.87822e-02,6.41092e-02,5.67260e-01,2.01387e-01,5.66114e-01,1.15291e-02,1.94529e+00,5.39452e-01,3.77341e-02,2.41529e-02,1.24817e-01,1.08903e+00,9.65867e-03,3.60432e-02,1.01182e+01
3.29937e-02,1.04212e+00,5.45904e-03,8.73376e-01,1.36874e-02,2.81901e-02,6.46696e-02,5.59644e-01,1.91471e-01,5.63504e-01,1.16239e-02,1.95012e+00,5.21650e-01,3.73096e-02,2.32786e-02,1.27185e-01,1.04951e+00,9.63688e-03,3.53262e-02,9.42107e+00
3.26736e-02,1.03674e+00,5.46485e-03,8.79093e-01,1.36847e-02,2.76064e-02,6.52670e-02,5.51673e-01,1.82116e-01,5.61864e-01,1.17077e-02,1.95346e+00,5.03685e-01,3.69679e-02,2.24665e-02,1.29599e-01,1.00932e+00,9.60599e-03,3.46546e-02,8.75551e+00
3.24253e-02,1.03097e+00,5.47528e-03,8.83549e-01,1.36744e-02,2.70257e-02,6.59110e-02,5.43397e-01,1.73283e-01,5.61241e-01,1.17779e-02,1.95505e+00,4.85738e-01,3.67053e-02,2.17170e-02,1.32082e-01,9.69122e-01,9.58596e-03,3.40218e-02,8.12870e+00
3.22345e-02,1.02484e+00,5.48691e-03,8.86669e-01,1.36690e-02,2.64468e-02,6.65911e-02,5.34910e-01,1.64982e-01,5.61677e-01,1.18331e-02,1.95484e+00,4.67951e-01,3.65203e-02,2.10316e-02,1.34645e-01,9.29450e-01,9.57183e-03,3.34090e-02,7.54466e+00
3.20824e-02,1.01828e+00,5.49789e-03,8.88507e-01,1.36632e-02,2.58731e-02,6.72764e-02,5.26227e-01,1.57177e-01,5.63105e-01,1.18805e-02,1.95288e+00,4.50483e-01,3.63893e-02,2.04038e-02,1.37333e-01,8.90678e-01,9.55654e-03,3.28200e-02,7.00442e+00
3.19754e-02,1.01126e+00,5.50755e-03,8.89118e-01,1.36501e-02,2.53193e-02,6.79504e-02,5.17356e-01,1.49876e-01,5.65730e-01,1.19204e-02,1.94913e+00,4.33464e-01,3.63178e-02,1.98312e-02,1.40161e-01,8.53034e-01,9.54424e-03,3.22666e-02,6.50816e+00
3.19108e-02,1.00380e+00,5.51228e-03,8.88481e-01,1.36341e-02,2.47864e-02,6.86124e-02,5.08329e-01,1.43059e-01,5.69805e-01,1.19514e-02,1.94349e+00,4.17002e-01,3.62978e-02,1.93078e-02,1.43135e-01,8.16704e-01,9.53581e-03,3.17402e-02,6.05420e+00
3.18861e-02,9.95826e-01,5.51520e-03,8.86749e-01,1.36183e-02,2.42772e-02,6.92530e-02,4.99166e-01,1.36670e-01,5.75784e-01,1.19719e-02,1.93619e+00,4.01196e-01,3.63212e-02,1.88301e-02,1.46325e-01,7.81819e-01,9.53936e-03,3.12440e-02,5.64054e+00
3.18957e-02,9.87395e-01,5.52029e-03,8.83754e-01,1.36104e-02,2.37875e-02,6.98476e-02,4.89944e-01,1.30765e-01,5.84352e-01,1.19747e-02,1.92735e+00,3.86085e-01,3.63797e-02,1.84091e-02,1.49756e-01,7.48340e-01,9.54247e-03,3.07719e-02,5.26441e+00
3.19350e-02,9.78544e-01,5.53053e-03,8.79658e-01,1.35934e-02,2.33082e-02,7.04024e-02,4.80693e-01,1.25238e-01,5.96753e-01,1.19695e-02,1.91699e+00,3.71753e-01,3.64807e-02,1.80217e-02,1.53451e-01,7.16254e-01,9.54252e-03,3.03185e-02,4.92309e+00
3.19870e-02,9.69249e-01,5.53557e-03,8.74590e-01,1.35778e-02,2.28454e-02,7.09018e-02,4.71317e-01,1.20141e-01,6.14424e-01,1.19625e-02,1.90551e+00,3.58224e-01,3.66004e-02,1.76797e-02,1.57394e-01,6.85484e-01,9.54293e-03,2.98826e-02,4.61347e+00
3.20668e-02,9.59524e-01,5.53464e-03,8.68736e-01,1.35582e-02,2.24054e-02,7.13386e-02,4.61886e-01,1.15424e-01,6.39636e-01,1.19435e-02,1.89319e+00,3.45488e-01,3.67521e-02,1.73688e-02,1.61691e-01,6.55942e-01,9.54735e-03,2.94551e-02,4.33272e+00
3.21622e-02,9.49358e-01,5.53659e-03,8.62064e-01,1.35361e-02,2.19829e-02,7.17019e-02,4.52438e-01,1.11048e-01,6.74662e-01,1.19129e-02,1.88000e+00,3.33579e-01,3.69159e-02,1.71019e-02,1.66329e-01,6.27513e-01,9.55193e-03,2.90371e-02,4.07802e+00
3.22732e-02,9.38961e-01,5.54229e-03,8.54616e-01,1.35179e-02,2.15709e-02,7.19987e-02,4.43029e-01,1.07035e-01,7.21713e-01,1.18695e-02,1.86625e+00,3.22480e-01,3.70907e-02,1.68581e-02,1.71335e-01,6.00135e-01,9.55595e-03,2.86295e-02,3.84671e+00
3.23972e-02,9.28271e-01,5.54543e-03,8.46596e-01,1.35111e-02,2.11719e-02,7.22283e-02,4.33656e-01,1.03336e-01,7.82069e-01,1.18172e-02,1.85228e+00,3.12142e-01,3.72789e-02,1.66453e-02,1.76791e-01,5.73719e-01,9.55946e-03,2.82251e-02,3.63605e+00
3.25331e-02,9.17353e-01,5.54682e-03,8.38000e-01,1.34984e-02,2.07989e-02,7.23847e-02,4.24313e-01,9.99523e-02,8.55843e-01,1.17586e-02,1.83830e+00,3.02578e-01,3.74686e-02,1.64644e-02,1.82689e-01,5.48187e-01,9.56266e-03,2.78292e-02,3.44419e+00
3.26744e-02,9.06234e-01,5.54305e-03,8.28952e-01,1.34786e-02,2.04343e-02,7.24725e-02,4.15094e-01,9.68453e-02,9.41599e-01,1.16839e-02,1.82449e+00,2.93767e-01,3.76676e-02,1.63027e-02,1.89283e-01,5.23484e-01,9.56558e-03,2.74474e-02,3.26876e+00
3.28204e-02,8.95075e-01,5.53691e-03,8.19569e-01,1.34602e-02,2.01056e-02,7.24914e-02,4.06123e-01,9.40434e-02,1.03658e+00,1.15942e-02,1.81093e+00,2.85656e-01,3.78775e-02,1.61655e-02,1.97918e-01,4.99565e-01,9.56840e-03,2.70744e-02,3.10788e+00
3.29730e-02,8.84029e-01,5.53891e-03,8.09906e-01,1.34465e-02,1.97774e-02,7.24416e-02,3.97242e-01,9.14765e-02,1.13729e+00,1.14916e-02,1.79787e+00,2.78204e-01,3.80857e-02,1.60383e-02,2.26265e-01,4.76397e-01,9.57377e-03,2.67037e-02,2.95979e+00
3.31372e-02,8.72955e-01,5.53878e-03,7.99876e-01,1.34259e-02,1.94786e-02,7.23182e-02,3.88578e-01,8.91317e-02,1.24001e+00,1.13786e-02,1.78554e+00,2.71412e-01,3.82969e-02,1.59236e-02,5.50031e-01,4.53990e-01,9.57909e-03,2.63357e-02,2.82302e+00
3.32888e-02,8.62140e-01,5.53669e-03,7.89666e-01,1.34009e-02,1.91745e-02,7.21358e-02,3.80248e-01,8.70181e-02,1.34121e+00,1.12595e-02,1.77403e+00,2.65234e-01,3.84952e-02,1.58334e-02,2.08733e+00,4.32322e-01,9.58103e-03,2.59748e-02,2.69607e+00
3.34291e-02,8.51469e-01,5.53062e-03,7.79285e-01,1.33813e-02,1.89042e-02,7.18907e-02,3.72136e-01,8.50857e-02,1.43769e+00,1.11301e-02,1.76346e+00,2.59627e-01,3.86978e-02,1.57496e-02,4.07648e+00,4.11409e-01,9.58565e-03,2.56284e-02,2.57780e+00
3.35825e-02,8.41038e-01,5.52713e-03,7.68791e-01,1.33619e-02,1.86227e-02,7.15888e-02,3.64336e-01,8.33608e-02,1.52677e+00,1.09891e-02,1.75399e+00,2.54553e-01,3.88981e-02,1.56785e-02,5.19233e+00,3.91264e-01,9.59133e-03,2.52853e-02,2.46734e+00
3.37398e-02,8.31140e-01,5.52365e-03,7.58259e-01,1.33402e-02,1.83646e-02,7.12289e-02,3.56982e-01,8.17954e-02,1.60619e+00,1.08377e-02,1.74573e+00,2.50002e-01,3.90992e-02,1.56134e-02,5.66188e+00,3.71885e-01,9.59536e-03,2.49540e-02,2.36380e+00
3.38968e-02,8.21729e-01,5.52004e-03,7.47678e-01,1.33196e-02,1.81108e-02,7.07974e-02,3.49903e-01,8.04000e-02,1.67442e+00,1.06803e-02,1.73881e+00,2.45920e-01,3.92904e-02,1.55602e-02,6.26335e+00,3.53295e-01,9.59886e-03,2.46222e-02,2.26626e+00
3.40500e-02,8.12799e-01,5.51642e-03,7.37047e-01,1.32985e-02,1.78796e-02,7.02962e-02,3.43296e-01,7.91460e-02,1.73030e+00,1.05199e-02,1.73346e+00,2.42298e-01,3.94770e-02,1.55133e-02,7.33782e+00,3.35498e-01,9.59919e-03,2.42824e-02,2.17426e+00
3.41920e-02,8.04528e-01,5.51485e-03,7.26309e-01,1.32697e-02,1.76616e-02,6.97656e-02,3.37081e-01,7.80429e-02,1.77334e+00,1.03535e-02,1.72990e+00,2.39083e-01,3.96594e-02,1.54772e-02,8.34542e+00,3.18503e-01,9.59459e-03,2.39606e-02,2.08709e+00
3.43402e-02,7.96937e-01,5.51119e-03,7.15562e-01,1.32538e-02,1.74626e-02,6.91602e-02,3.31369e-01,7.70618e-02,1.80359e+00,1.01795e-02,1.72857e+00,2.36255e-01,3.98414e-02,1.54442e-02,9.08363e+00,3.02304e-01,9.58851e-03,2.36432e-02,2.00437e+00
3.44831e-02,7.90148e-01,5.50347e-03,7.04924e-01,1.32333e-02,1.72670e-02,6.85006e-02,3.26121e-01,7.62088e-02,1.82168e+00,1.00000e-02,1.72966e+00,2.33790e-01,4.00203e-02,1.54113e-02,9.70890e+00,2.86935e-01,9.58249e-03,2.33350e-02,1.92574e+00
3.46282e-02,7.84095e-01,5.49545e-03,6.94261e-01,1.32039e-02,1.70993e-02,6.77805e-02,3.21315e-01,7.54418e-02,1.82835e+00,9.82262e-03,1.73379e+00,2.31645e-01,4.01933e-02,1.53794e-02,1.01350e+01,2.72345e-01,9.57673e-03,2.30254e-02,1.85076e+00
3.47611e-02,7.78830e-01,5.49250e-03,6.83663e-01,1.31731e-02,1.69266e-02,6.70085e-02,3.16985e-01,7.47929e-02,1.82484e+00,9.64838e-03,1.74161e+00,2.29824e-01,4.03483e-02,1.53567e-02,1.03475e+01,2.58564e-01,9.56739e-03,2.27276e-02,1.77910e+00
3.48925e-02,7.74505e-01,5.48673e-03,6.73067e-01,1.31457e-02,1.67878e-02,6.61752e-02,3.13147e-01,7.42126e-02,1.81246e+00,9.47870e-03,1.75358e+00,2.28280e-01,4.05002e-02,1.53323e-02,1.05142e+01,2.45531e-01,9.55913e-03,2.24402e-02,1.71066e+00
3.50117e-02,7.71067e-01,5.47570e-03,6.62724e-01,1.31179e-02,1.66371e-02,6.53007e-02,3.09751e-01,7.37072e-02,1.79261e+00,9.30793e-03,1.77049e+00,2.26975e-01,4.06591e-02,1.53053e-02,1.07753e+01,2.33266e-01,9.55385e-03,2.21586e-02,1.64518e+00
3.51330e-02,7.68488e-01,5.46125e-03,6.52421e-01,1.30892e-02,1.65074e-02,6.43764e-02,3.06837e-01,7.32826e-02,1.76667e+00,9.14024e-03,1.79294e+00,2.25931e-01,4.08023e-02,1.52831e-02,1.12245e+01,2.21749e-01,9.54458e-03,2.18869e-02,1.58239e+00
3.52507e-02,7.66774e-01,5.45106e-03,6.42300e-01,1.30672e-02,1.63776e-02,6.34185e-02,3.04272e-01,7.29176e-02,1.73624e+00,8.97597e-03,1.82138e+00,2.25092e-01,4.09405e-02,1.52642e-02,1.17736e+01,2.10924e-01,9.53398e-03,2.16220e-02,1.52222e+00
3.53612e-02,7.66072e-01,5.44293e-03,6.32380e-01,1.30450e-02,1.62593e-02,6.24227e-02,3.02139e-01,7.26157e-02,1.70250e+00,8.81643e-03,1.85619e+00,2.24428e-01,4.10697e-02,1.52436e-02,1.22149e+01,2.00777e-01,9.52430e-03,2.13700e-02,1.46451e+00
3.54683e-02,7.66389e-01,5.44114e-03,6.22654e-01,1.30189e-02,1.61493e-02,6.13964e-02,3.00422e-01,7.23572e-02,1.66667e+00,8.66334e-03,1.89728e+00,2.23965e-01,4.11899e-02,1.52282e-02,1.24407e+01,1.91303e-01,9.51659e-03,2.11267e-02,1.40922e+00
3.55756e-02,7.67640e-01,5.44204e-03,6.13257e-01,1.29943e-02,1.60565e-02,6.03498e-02,2.98875e-01,7.21846e-02,1.62992e+00,8.51706e-03,1.94445e+00,2.23637e-01,4.13050e-02,1.52128e-02,1.24694e+01,1.82451e-01,9.50758e-03,2.08921e-02,1.35631e+00
3.56754e-02,7.69764e-01,5.43418e-03,6.04123e-01,1.29748e-02,1.59524e-02,5.92879e-02,2.97682e-01,7.20233e-02,1.59324e+00,8.37569e-03,1.99728e+00,2.23430e-01,4.14239e-02,1.51930e-02,1.23930e+01,1.74195e-01,9.49665e-03,2.06695e-02,1.30558e+00
3.57731e-02,7.72882e-01,5.42463e-03,5.95317e-01,1.29514e-02,1.58768e-02,5.82246e-02,2.96675e-01,7.19079e-02,1.55750e+00,8.24132e-03,2.05441e+00,2.23363e-01,4.15350e-02,1.51755e-02,1.22602e+01,1.66503e-01,9.48846e-03,2.04525e-02,1.25709e+00
3.58634e-02,7.76815e-01,5.41806e-03,5.86865e-01,1.29192e-02,1.57926e-02,5.71664e-02,2.95848e-01,7.18112e-02,1.52339e+00,8.11509e-03,2.11485e+00,2.23510e-01,4.16384e-02,1.51581e-02,1.20920e+01,1.59364e-01,9.47901e-03,2.02434e-02,1.21075e+00
3.59519e-02,7.81687e-01,5.40804e-03,5.78726e-01,1.28977e-02,1.57338e-02,5.61126e-02,2.95109e-01,7.17626e-02,1.49143e+00,7.99298e-03,2.17720e+00,2.25724e-01,4.17324e-02,1.51396e-02,1.19344e+01,1.52739e-01,9.46637e-03,2.00477e-02,1.16651e+00
3.60263e-02,7.87368e-01,5.39569e-03,5.71085e-01,1.28724e-02,1.56603e-02,5.50801e-02,2.94455e-01,7.17164e-02,1.46213e+00,7.87469e-03,2.23972e+00,2.27310e-01,4.18275e-02,1.51270e-02,1.17988e+01,1.46587e-01,9.45659e-03,1.98549e-02,1.12439e+00
3.61036e-02,7.93902e-01,5.38492e-03,5.63885e-01,1.28529e-02,1.55919e-02,5.40671e-02,2.93860e-01,7.17016e-02,1.43571e+00,7.76525e-03,2.30095e+00,2.29218e-01,4.19145e-02,1.51145e-02,1.16361e+01,1.40896e-01,9.44842e-03,1.96725e-02,1.08442e+00
3.61704e-02,8.01137e-01,5.37470e-03,5.57013e-01,1.28318e-02,1.55265e-02,5.30695e-02,2.93150e-01,7.17001e-02,1.41229e+00,7.66030e-03,2.35948e+00,2.31943e-01,4.19962e-02,1.51002e-02,1.14107e+01,1.35649e-01,9.43894e-03,1.95002e-02,1.04648e+00
3.62274e-02,8.09073e-01,5.36272e-03,5.50591e-01,1.28018e-02,1.54705e-02,5.21005e-02,2.92401e-01,7.17087e-02,1.39197e+00,7.56072e-03,2.41386e+00,2.33701e-01,4.20688e-02,1.50837e-02,1.11320e+01,1.30788e-01,9.42553e-03,1.93264e-02,1.01040e+00
3.62914e-02,8.17727e-01,5.35360e-03,5.44699e-01,1.27720e-02,1.54173e-02,5.11627e-02,2.91517e-01,7.17233e-02,1.37468e+00,7.46757e-03,2.46306e+00,2.34173e-01,4.21359e-02,1.50689e-02,1.08249e+01,1.26352e-01,9.40820e-03,1.91723e-02,9.76382e-01
3.63442e-02,8.27010e-01,5.34628e-03,5.39323e-01,1.27508e-02,1.53758e-02,5.02590e-02,2.90511e-01,7.17545e-02,1.36013e+00,7.37816e-03,2.50582e+00,2.33911e-01,4.22043e-02,1.50535e-02,1.05092e+01,1.22265e-01,9.39361e-03,1.90293e-02,9.44196e-01
3.63979e-02,8.36884e-01,5.34036e-03,5.34332e-01,1.27273e-02,1.53359e-02,4.93956e-02,2.89296e-01,7.17996e-02,1.34836e+00,7.29377e-03,2.54182e+00,2.33235e-01,4.22661e-02,1.50329e-02,1.01903e+01,1.18520e-01,9.38017e-03,1.88906e-02,9.13896e-01
3.64489e-02,8.47056e-01,5.33778e-03,5.29738e-01,1.27008e-02,1.52913e-02,4.85604e-02,2.87933e-01,7.18307e-02,1.33869e+00,7.21660e-03,2.57036e+00,2.32584e-01,4.23168e-02,1.50114e-02,9.86289e+00,1.15088e-01,9.36585e-03,1.87629e-02,8.85436e-01
3.64943e-02,8.57675e-01,5.33301e-03,5.25679e-01,1.26712e-02,1.52586e-02,4.77641e-02,2.86463e-01,7.18772e-02,1.33098e+00,7.14489e-03,2.59143e+00,2.32138e-01,4.23611e-02,1.49954e-02,9.52087e+00,1.11958e-01,9.35194e-03,1.86351e-02,8.58697e-01
3.65322e-02,8.68508e-01,5.31886e-03,5.22039e-01,1.26465e-02,1.52285e-02,4.70130e-02,2.84750e-01,7.19189e-02,1.32465e+00,7.08176e-03,2.60498e+00,2.32017e-01,4.24001e-02,1.49745e-02,9.16369e+00,1.09107e-01,9.33823e-03,1.85129e-02,8.33714e-01
3.65621e-02,8.79484e-01,5.30743e-03,5.18874e-01,1.26143e-02,1.51974e-02,4.62966e-02,2.83010e-01,7.19574e-02,1.31932e+00,7.02194e-03,2.61111e+00,2.32244e-01,4.24345e-02,1.49512e-02,8.79842e+00,1.06526e-01,9.32540e-03,1.84009e-02,8.10394e-01
3.66021e-02,8.90527e-01,5.29757e-03,5.16056e-01,1.25866e-02,1.51586e-02,4.56216e-02,2.81075e-01,7.19998e-02,1.31456e+00,6.96639e-03,2.61049e+00,2.32845e-01,4.24670e-02,1.49316e-02,8.43118e+00,1.04186e-01,9.31382e-03,1.83002e-02,7.88645e-01
3.66265e-02,9.01455e-01,5.28407e-03,5.13579e-01,1.25661e-02,1.51209e-02,4.49747e-02,2.79125e-01,7.20399e-02,1.30988e+00,6.91285e-03,2.60374e+00,2.33832e-01,4.24902e-02,1.49088e-02,8.06004e+00,1.02078e-01,9.30379e-03,1.82000e-02,7.68347e-01
3.66567e-02,9.12189e-01,5.26888e-03,5.11457e-01,1.25385e-02,1.50839e-02,4.43481e-02,2.77074e-01,7.20661e-02,1.30493e+00,6.86379e-03,2.59148e+00,2.35264e-01,4.25116e-02,1.48854e-02,7.68011e+00,1.00176e-01,9.29002e-03,1.81151e-02,7.49579e-01
3.66781e-02,9.22711e-01,5.25976e-03,5.09782e-01,1.25087e-02,1.50485e-02,4.37732e-02,2.75003e-01,7.20984e-02,1.29938e+00,6.82022e-03,2.57432e+00,2.37160e-01,4.25353e-02,1.48618e-02,7.29195e+00,9.84849e-02,9.27306e-03,1.80326e-02,7.31987e-01
3.67038e-02,9.32867e-01,5.25414e-03,5.08252e-01,1.24825e-02,1.50126e-02,4.32131e-02,2.72963e-01,7.21347e-02,1.29294e+00,6.77975e-03,2.55327e+00,2.39488e-01,4.25607e-02,1.48328e-02,6.90210e+00,9.69675e-02,9.25579e-03,1.79553e-02,7.15753e-01
3.67294e-02,9.42430e-01,5.24530e-03,5.06919e-01,1.24566e-02,1.49814e-02,4.26872e-02,2.70999e-01,7.21651e-02,1.28531e+00,6.74043e-03,2.52882e+00,2.42219e-01,4.25833e-02,1.48051e-02,6.51884e+00,9.56235e-02,9.24027e-03,1.78786e-02,7.00549e-01
3.67370e-02,9.51497e-01,5.23444e-03,5.05843e-01,1.24277e-02,1.49514e-02,4.21807e-02,2.69218e-01,7.21803e-02,1.27631e+00,6.70659e-03,2.50214e+00,2.45257e-01,4.26031e-02,1.47784e-02,6.14822e+00,9.44389e-02,9.22714e-03,1.78046e-02,6.86413e-01
3.67488e-02,9.59928e-01,5.22399e-03,5.04970e-01,1.23945e-02,1.49225e-02,4.17095e-02,2.67544e-01,7.22005e-02,1.26584e+00,6.67428e-03,2.47392e+00,2.48521e-01,4.26218e-02,1.47507e-02,5.79399e+00,9.34083e-02,9.21347e-03,1.77310e-02,6.73134e-01
3.67546e-02,9.67614e-01,5.21501e-03,5.04304e-01,1.23679e-02,1.48969e-02,4.12592e-02,2.66135e-01,7.22156e-02,1.25391e+00,6.64497e-03,2.44476e+00,2.51888e-01,4.26330e-02,1.47284e-02,5.45821e+00,9.25125e-02,9.19770e-03,1.76551e-02,6.60717e-01
3.67613e-02,9.74549e-01,5.20335e-03,5.03578e-01,1.23394e-02,1.48716e-02,4.08359e-02,2.64992e-01,7.22161e-02,1.24044e+00,6.61644e-03,2.41563e+00,2.55294e-01,4.26488e-02,1.47072e-02,5.14134e+00,9.17330e-02,9.18277e-03,1.75894e-02,6.48962e-01
3.67625e-02,9.80570e-01,5.19280e-03,5.02973e-01,1.23167e-02,1.48434e-02,4.04352e-02,2.64156e-01,7.22228e-02,1.22546e+00,6.58633e-03,2.38706e+00,2.58701e-01,4.26600e-02,1.46812e-02,4.84268e+00,9.10747e-02,9.16375e-03,1.75247e-02,6.37887e-01
3.67576e-02,9.85734e-01,5.17780e-03,5.02416e-01,1.22924e-02,1.48109e-02,4.00521e-02,2.63602e-01,7.22284e-02,1.20912e+00,6.55867e-03,2.35946e+00,2.62064e-01,4.26654e-02,1.46574e-02,4.56119e+00,9.05255e-02,9.14420e-03,1.74580e-02,6.27299e-01
3.67488e-02,9.89966e-01,5.16357e-03,5.01859e-01,1.22643e-02,1.47803e-02,3.96781e-02,2.63508e-01,7.22196e-02,1.19147e+00,6.53448e-03,2.33325e+00,2.65362e-01,4.26640e-02,1.46332e-02,4.29652e+00,9.00770e-02,9.12482e-03,1.74037e-02,6.17234e-01
3.67411e-02,9.93251e-01,5.15103e-03,5.01312e-01,1.22355e-02,1.47537e-02,3.93306e-02,2.63750e-01,7.22050e-02,1.17267e+00,6.51266e-03,2.30901e+00,2.68571e-01,4.26561e-02,1.46094e-02,4.04910e+00,8.97132e-02,9.10410e-03,1.73538e-02,6.07517e-01
3.67284e-02,9.95508e-01,5.14327e-03,5.00730e-01,1.22132e-02,1.47295e-02,3.89975e-02,2.64548e-01,7.21995e-02,1.15305e+00,6.49123e-03,2.28666e+00,2.71621e-01,4.26386e-02,1.45931e-02,3.81927e+00,8.94491e-02,9.08109e-03,1.72982e-02,5.98089e-01
3.67137e-02,9.96825e-01,5.13229e-03,5.00166e-01,1.21895e-02,1.47077e-02,3.86756e-02,2.65728e-01,7.21865e-02,1.13259e+00,6.46933e-03,2.26652e+00,2.74473e-01,4.26239e-02,1.45698e-02,3.60723e+00,8.92486e-02,9.05866e-03,1.72517e-02,5.88973e-01
3.66931e-02,9.97192e-01,5.12587e-03,4.99597e-01,1.21614e-02,1.46831e-02,3.83711e-02,2.67396e-01,7.21627e-02,1.11184e+00,6.45194e-03,2.24888e+00,2.77144e-01,4.26055e-02,1.45421e-02,3.41265e+00,8.91334e-02,9.03932e-03,1.72034e-02,5.79985e-01
3.66725e-02,9.96640e-01,5.11904e-03,4.99043e-01,1.21329e-02,1.46611e-02,3.80815e-02,2.69553e-01,7.21372e-02,1.09075e+00,6.43900e-03,2.23345e+00,2.79595e-01,4.25850e-02,1.45184e-02,3.23465e+00,8.90621e-02,9.01959e-03,1.71530e-02,5.71147e-01
3.66520e-02,9.95081e-01,5.10889e-03,4.98426e-01,1.21052e-02,1.46391e-02,3.78121e-02,2.72142e-01,7.21089e-02,1.06986e+00,6.42439e-03,2.22019e+00,2.81834e-01,4.25645e-02,1.44955e-02,3.07199e+00,8.90491e-02,9.00134e-03,1.70996e-02,5.62444e-01
3.66268e-02,9.92622e-01,5.09863e-03,4.97921e-01,1.20719e-02,1.46141e-02,3.75600e-02,2.75153e-01,7.20856e-02,1.04936e+00,6.40655e-03,2.20935e+00,2.83891e-01,4.25402e-02,1.44718e-02,2.92316e+00,8.90802e-02,8.98562e-03,1.70507e-02,5.53757e-01
3.66036e-02,9.89388e-01,5.08575e-03,4.97555e-01,1.20423e-02,1.45847e-02,3.73160e-02,2.78625e-01,7.20629e-02,1.02964e+00,6.38965e-03,2.20046e+00,2.85803e-01,4.25211e-02,1.44474e-02,2.78665e+00,8.91556e-02,8.96959e-03,1.70065e-02,5.45137e-01
3.65840e-02,9.85324e-01,5.07239e-03,4.97438e-01,1.20229e-02,1.45539e-02,3.70797e-02,2.82402e-01,7.20292e-02,1.01101e+00,6.37327e-03,2.19310e+00,2.87596e-01,4.24997e-02,1.44223e-02,2.66082e+00,8.92699e-02,8.95231e-03,1.69538e-02,5.36533e-01
3.65671e-02,9.80516e-01,5.05825e-03,4.97991e-01,1.20012e-02,1.45234e-02,3.68525e-02,2.86567e-01,7.19890e-02,9.93900e-01,6.35839e-03,2.18719e+00,2.89287e-01,4.24658e-02,1.43980e-02,2.54434e+00,8.94306e-02,8.93350e-03,1.69044e-02,5.27910e-01
3.65502e-02,9.74915e-01,5.04636e-03,5.00331e-01,1.19770e-02,1.44917e-02,3.66398e-02,2.90893e-01,7.19368e-02,9.78668e-01,6.34257e-03,2.18262e+00,2.90884e-01,4.24294e-02,1.43693e-02,2.43609e+00,8.96240e-02,8.91355e-03,1.68577e-02,5.19321e-01
3.65389e-02,9.68723e-01,5.03579e-03,5.07635e-01,1.19617e-02,1.44612e-02,3.64358e-02,2.95399e-01,7.18896e-02,9.65801e-01,6.32931e-03,2.17909e+00,2.92339e-01,4.23923e-02,1.43387e-02,2.33503e+00,8.98262e-02,8.89417e-03,1.68125e-02,5.10724e-01
3.65307e-02,9.61900e-01,5.02788e-03,5.29869e-01,1.19395e-02,1.44293e-02,3.62419e-02,3.00086e-01,7.18494e-02,9.55814e-01,6.31313e-03,2.17607e+00,2.93606e-01,4.23582e-02,1.43152e-02,2.24027e+00,9.00481e-02,8.87495e-03,1.67694e-02,5.02124e-01
3.65234e-02,9.54550e-01,5.02041e-03,5.96938e-01,1.19142e-02,1.43961e-02,3.60582e-02,3.04712e-01,7.18035e-02,9.49145e-01,6.29702e-03,2.17350e+00,2.94623e-01,4.23131e-02,1.42889e-02,2.15112e+00,9.02996e-02,8.85688e-03,1.67268e-02,4.93528e-01
3.65218e-02,9.46666e-01,5.00818e-03,7.76959e-01,1.18902e-02,1.43642e-02,3.58812e-02,3.09299e-01,7.17546e-02,9.46203e-01,6.28718e-03,2.17127e+00,2.95329e-01,4.22757e-02,1.42602e-02,2.06725e+00,9.05597e-02,8.84136e-03,1.66932e-02,4.84965e-01
3.65249e-02,9.38310e-01,4.99718e-03,1.14530e+00,1.18635e-02,1.43318e-02,3.57026e-02,3.13784e-01,7.16913e-02,9.47480e-01,6.27613e-03,2.16886e+00,2.95674e-01,4.22385e-02,1.42359e-02,1.98815e+00,9.08395e-02,8.82567e-03,1.66563e-02,4.76403e-01
3.65210e-02,9.29581e-01,4.99177e-03,1.70101e+00,1.18379e-02,1.43015e-02,3.55439e-02,3.17989e-01,7.16238e-02,9.53220e-01,6.26203e-03,2.16600e+00,2.95576e-01,4.21984e-02,1.42090e-02,1.91335e+00,9.11208e-02,8.81304e-03,1.66145e-02,4.67915e-01
3.65226e-02,9.20431e-01,4.98215e-03,2.34812e+00,1.18081e-02,1.42740e-02,3.53938e-02,3.21936e-01,7.15546e-02,9.63723e-01,6.24545e-03,2.16273e+00,2.95035e-01,4.21631e-02,1.41833e-02,1.84270e+00,9.14183e-02,8.79953e-03,1.65744e-02,4.59522e-01
3.65237e-02,9.11142e-01,4.96848e-03,2.96488e+00,1.17855e-02,1.42418e-02,3.52503e-02,3.25557e-01,7.14875e-02,9.78892e-01,6.23094e-03,2.15889e+00,2.94048e-01,4.21307e-02,1.41578e-02,1.77571e+00,9.17063e-02,8.78398e-03,1.65241e-02,4.51244e-01
3.65250e-02,9.01579e-01,4.95463e-03,3.47874e+00,1.17558e-02,1.42133e-02,3.51137e-02,3.28758e-01,7.14114e-02,9.98636e-01,6.21604e-03,2.15434e+00,2.92634e-01,4.20917e-02,1.41319e-02,1.71231e+00,9.20034e-02,8.76617e-03,1.64846e-02,4.43034e-01
3.65199e-02,8.91745e-01,4.94198e-03,3.89087e+00,1.17219e-02,1.41892e-02,3.49853e-02,3.31508e-01,7.13269e-02,1.02266e+00,6.19992e-03,2.14905e+00,2.90816e-01,4.20508e-02,1.41042e-02,1.65225e+00,9.22910e-02,8.74511e-03,1.64456e-02,4.34993e-01
3.65184e-02,8.81735e-01,4.93386e-03,4.25857e+00,1.16953e-02,1.41619e-02,3.48672e-02,3.33739e-01,7.12441e-02,1.05026e+00,6.18462e-03,2.14288e+00,2.88695e-01,4.20056e-02,1.40801e-02,1.59513e+00,9.25938e-02,8.72431e-03,1.64100e-02,4.27117e-01
3.65168e-02,8.71652e-01,4.92949e-03,4.65000e+00,1.16707e-02,1.41399e-02,3.47501e-02,3.35460e-01,7.11716e-02,1.08090e+00,6.17264e-03,2.13588e+00,2.86283e-01,4.19665e-02,1.40558e-02,1.54087e+00,9.28771e-02,8.70411e-03,1.63705e-02,4.19439e-01
3.65164e-02,8.61396e-01,4.92110e-03,5.09344e+00,1.16472e-02,1.41185e-02,3.46354e-02,3.36663e-01,7.10885e-02,1.11370e+00,6.16011e-03,2.12815e+00,2.83634e-01,4.19302e-02,1.40266e-02,1.48927e+00,9.31644e-02,8.68268e-03,1.63285e-02,4.11956e-01
3.65074e-02,8.51088e-01,4.90966e-03,5.56648e+00,1.16216e-02,1.40978e-02,3.45241e-02,3.37306e-01,7.10057e-02,1.14763e+00,6.14854e-03,2.11959e+00,2.80833e-01,4.18895e-02,1.39967e-02,1.44006e+00,9.34463e-02,8.66235e-03,1.62863e-02,4.04689e-01
3.64878e-02,8.40820e-01,4.90068e-03,6.02925e+00,1.15941e-02,1.40769e-02,3.44232e-02,3.37396e-01,7.09147e-02,1.18191e+00,6.13898e-03,2.11036e+00,2.77941e-01,4.18441e-02,1.39662e-02,1.39316e+00,9.37141e-02,8.64532e-03,1.62496e-02,3.97654e-01
3.64683e-02,8.30459e-01,4.88865e-03,6.45541e+00,1.15638e-02,1.40507e-02,3.43222e-02,3.36928e-01,7.08277e-02,1.21559e+00,6.12437e-03,2.10071e+00,2.74997e-01,4.17948e-02,1.39372e-02,1.34836e+00,9.39598e-02,8.62574e-03,1.62106e-02,3.90880e-01
3.64311e-02,8.20159e-01,4.87800e-03,6.83514e+00,1.15353e-02,1.40177e-02,3.42371e-02,3.35906e-01,7.07418e-02,1.24774e+00,6.10935e-03,2.09069e+00,2.72056e-01,4.17496e-02,1.39098e-02,1.30559e+00,9.42230e-02,8.60403e-03,1.61640e-02,3.84380e-01
3.63889e-02,8.09936e-01,4.86595e-03,7.16334e+00,1.15180e-02,1.39871e-02,3.41443e-02,3.34452e-01,7.06501e-02,1.27771e+00,6.09539e-03,2.08047e+00,2.69168e-01,4.16997e-02,1.38859e-02,1.26459e+00,9.44697e-02,8.58453e-03,1.61162e-02,3.78164e-01
3.63330e-02,7.99863e-01,4.85399e-03,7.43440e+00,1.14928e-02,1.39591e-02,3.40496e-02,3.32419e-01,7.05495e-02,1.30474e+00,6.08235e-03,2.07029e+00,2.66350e-01,4.16446e-02,1.38640e-02,1.22549e+00,9.47075e-02,8.56508e-03,1.60716e-02,3.72258e-01
3.62723e-02,7.89899e-01,4.84372e-03,7.65016e+00,1.14679e-02,1.39345e-02,3.39535e-02,3.29960e-01,7.04401e-02,1.32832e+00,6.07057e-03,2.06034e+00,2.63642e-01,4.15812e-02,1.38395e-02,1.18805e+00,9.49406e-02,8.54404e-03,1.60296e-02,3.66675e-01
3.62077e-02,7.79962e-01,4.83525e-03,7.82502e+00,1.14404e-02,1.39079e-02,3.38623e-02,3.27070e-01,7.03411e-02,1.34793e+00,6.05774e-03,2.05099e+00,2.61053e-01,4.15205e-02,1.38143e-02,1.15218e+00,9.51703e-02,8.52230e-03,1.59943e-02,3.61401e-01
3.61294e-02,7.70252e-01,4.82811e-03,7.98263e+00,1.14186e-02,1.38809e-02,3.37766e-02,3.23755e-01,7.02462e-02,1.36332e+00,6.04423e-03,2.04245e+00,2.58601e-01,4.14503e-02,1.37902e-02,1.11786e+00,9.53847e-02,8.50209e-03,1.59575e-02,3.56374e-01
3.60450e-02,7.60762e-01,4.82224e-03,8.14906e+00,1.13924e-02,1.38536e-02,3.36961e-02,3.20052e-01,7.01395e-02,1.37432e+00,6.03317e-03,2.03493e+00,2.56287e-01,4.13758e-02,1.37625e-02,1.08495e+00,9.55983e-02,8.48451e-03,1.59196e-02,3.51691e-01
3.59524e-02,7.51411e-01,4.80894e-03,8.34394e+00,1.13653e-02,1.38289e-02,3.36053e-02,3.16043e-01,7.00303e-02,1.38073e+00,6.02327e-03,2.02873e+00,2.54112e-01,4.13024e-02,1.37317e-02,1.05347e+00,9.57887e-02,8.46898e-03,1.58794e-02,3.47346e-01
3.58564e-02,7.42302e-01,4.79482e-03,8.57266e+00,1.13482e-02,1.38036e-02,3.35164e-02,3.11736e-01,6.99203e-02,1.38274e+00,6.01315e-03,2.02427e+00,2.52104e-01,4.12188e-02,1.37048e-02,1.02328e+00,9.59677e-02,8.45069e-03,1.58443e-02,3.43289e-01
3.57505e-02,7.33310e-01,4.78464e-03,8.82289e+00,1.13295e-02,1.37726e-02,3.34409e-02,3.07151e-01,6.98064e-02,1.38035e+00,6.00500e-03,2.02164e+00,2.50232e-01,4.11394e-02,1.36775e-02,9.94414e-01,9.61340e-02,8.43188e-03,1.58047e-02,3.39556e-01
3.56501e-02,7.24783e-01,4.77301e-03,9.06969e+00,1.12998e-02,1.37463e-02,3.33861e-02,3.02336e-01,6.96908e-02,1.37375e+00,5.99391e-03,2.02100e+00,2.48516e-01,4.10573e-02,1.36494e-02,9.66768e-01,9.62954e-02,8.41611e-03,1.57660e-02,3.36129e-01
3.55439e-02,7.16446e-01,4.75819e-03,9.28692e+00,1.12704e-02,1.37167e-02,3.33203e-02,2.97382e-01,6.95760e-02,1.36337e+00,5.98118e-03,2.02248e+00,2.46933e-01,4.09763e-02,1.36232e-02,9.40244e-01,9.64453e-02,8.40072e-03,1.57211e-02,3.33002e-01
3.54288e-02,7.08429e-01,4.74038e-03,9.45493e+00,1.12387e-02,1.36877e-02,3.32516e-02,2.92234e-01,6.94517e-02,1.34941e+00,5.96957e-03,2.02614e+00,2.45497e-01,4.08910e-02,1.35982e-02,9.14956e-01,9.65886e-02,8.38428e-03,1.56821e-02,3.30162e-01
3.53146e-02,7.00721e-01,4.72363e-03,9.56663e+00,1.12078e-02,1.36622e-02,3.31879e-02,2.87063e-01,6.93283e-02,1.33223e+00,5.95923e-03,2.03218e+00,2.44163e-01,4.08121e-02,1.35715e-02,8.90710e-01,9.67302e-02,8.36528e-03,1.56393e-02,3.27673e-01
3.52060e-02,6.93346e-01,4.71263e-03,9.62492e+00,1.11883e-02,1.36363e-02,3.31209e-02,2.81710e-01,6.92079e-02,1.31224e+00,5.94828e-03,2.04037e+00,2.42972e-01,4.07248e-02,1.35451e-02,8.67611e-01,9.68514e-02,8.34267e-03,1.55981e-02,3.25523e-01
3.50989e-02,6.86201e-01,4.71062e-03,9.63844e+00,1.11690e-02,1.36079e-02,3.30616e-02,2.76383e-01,6.90860e-02,1.28980e+00,5.93529e-03,2.05049e+00,2.41873e-01,4.06439e-02,1.35217e-02,8.45516e-01,9.69657e-02,8.31987e-03,1.55610e-02,3.23606e-01
3.49925e-02,6.79468e-01,4.69947e-03,9.61768e+00,1.11416e-02,1.35864e-02,3.30057e-02,2.71087e-01,6.89590e-02,1.26533e+00,5.92298e-03,2.06257e+00,2.40860e-01,4.05656e-02,1.34936e-02,8.24437e-01,9.70710e-02,8.29930e-03,1.55265e-02,3.22007e-01
3.48966e-02,6.73087e-01,4.68797e-03,9.57309e+00,1.11200e-02,1.35650e-02,3.29434e-02,2.65671e-01,6.88324e-02,1.23924e+00,5.91355e-03,2.07618e+00,2.39954e-01,4.04836e-02,1.34623e-02,8.04370e-01,9.71661e-02,8.27947e-03,1.54932e-02,3.20721e-01
3.48031e-02,6.67049e-01,4.67589e-03,9.51367e+00,1.11016e-02,1.35453e-02,3.28692e-02,2.60406e-01,6.87076e-02,1.21180e+00,5.90569e-03,2.09087e+00,2.39114e-01,4.03966e-02,1.34373e-02,7.85224e-01,9.72440e-02,8.26346e-03,1.54589e-02,3.19736e-01
3.47164e-02,6.61338e-01,4.66614e-03,9.44608e+00,1.10791e-02,1.35261e-02,3.28163e-02,2.55141e-01,6.85870e-02,1.18344e+00,5.89573e-03,2.10641e+00,2.38342e-01,4.03081e-02,1.34117e-02,7.66979e-01,9.73186e-02,8.24919e-03,1.54206e-02,3.19001e-01
3.46302e-02,6.55897e-01,4.65486e-03,9.37264e+00,1.10577e-02,1.35040e-02,3.27604e-02,2.49989e-01,6.84633e-02,1.15445e+00,5.88325e-03,2.12217e+00,2.37619e-01,4.02260e-02,1.33869e-02,7.49650e-01,9.73905e-02,8.23223e-03,1.53874e-02,3.18528e-01
3.45492e-02,6.50882e-01,4.64290e-03,9.29181e+00,1.10416e-02,1.34796e-02,3.26965e-02,2.44931e-01,6.83325e-02,1.12513e+00,5.87029e-03,2.13772e+00,2.36945e-01,4.01413e-02,1.33625e-02,7.33110e-01,9.74471e-02,8.21568e-03,1.53476e-02,3.18282e-01
3.44695e-02,6.46195e-01,4.63224e-03,9.19910e+00,1.10184e-02,1.34536e-02,3.26327e-02,2.39978e-01,6.81934e-02,1.09562e+00,5.85932e-03,2.15266e+00,2.36319e-01,4.00530e-02,1.33376e-02,7.17523e-01,9.74921e-02,8.19947e-03,1.53080e-02,3.18259e-01
3.43830e-02,6.41858e-01,4.62037e-03,9.09103e+00,1.09912e-02,1.34278e-02,3.25640e-02,2.35124e-01,6.80563e-02,1.06629e+00,5.84900e-03,2.16654e+00,2.35709e-01,3.99696e-02,1.33126e-02,7.02558e-01,9.75455e-02,8.18226e-03,1.52730e-02,3.18418e-01
3.43013e-02,6.37865e-01,4.61414e-03,8.96639e+00,1.09691e-02,1.33994e-02,3.24926e-02,2.30506e-01,6.79285e-02,1.03715e+00,5.83880e-03,2.17891e+00,2.35142e-01,3.98925e-02,1.32865e-02,6.88537e-01,9.75854e-02,8.16207e-03,1.52426e-02,3.18716e-01
3.42232e-02,6.34174e-01,4.61095e-03,8.82640e+00,1.09452e-02,1.33693e-02,3.24287e-02,2.25994e-01,6.78034e-02,1.00847e+00,5.82984e-03,2.18939e+00,2.34597e-01,3.98143e-02,1.32613e-02,6.75044e-01,9.76161e-02,8.13974e-03,1.52045e-02,3.19169e-01
3.41451e-02,6.30786e-01,4.60702e-03,8.67403e+00,1.09202e-02,1.33354e-02,3.23616e-02,2.21667e-01,6.76645e-02,9.80359e-01,5.81850e-03,2.19751e+00,2.34050e-01,3.97444e-02,1.32337e-02,6.62383e-01,9.76372e-02,8.12115e-03,1.51670e-02,3.19717e-01
3.40752e-02,6.27713e-01,4.59767e-03,8.51222e+00,1.08980e-02,1.33119e-02,3.23076e-02,2.17536e-01,6.75338e-02,9.52870e-01,5.80635e-03,2.20307e+00,2.33529e-01,3.96677e-02,1.32081e-02,6.50253e-01,9.76637e-02,8.10351e-03,1.51375e-02,3.20323e-01
3.40084e-02,6.24898e-01,4.58589e-03,8.34353e+00,1.08772e-02,1.32900e-02,3.22386e-02,2.13549e-01,6.74088e-02,9.26145e-01,5.79640e-03,2.20596e+00,2.33027e-01,3.95996e-02,1.31825e-02,6.38804e-01,9.76774e-02,8.08800e-03,1.51019e-02,3.20930e-01
3.39362e-02,6.22322e-01,4.57650e-03,8.16915e+00,1.08508e-02,1.32616e-02,3.21797e-02,2.09773e-01,6.72795e-02,9.00194e-01,5.78677e-03,2.20575e+00,2.32510e-01,3.95275e-02,1.31593e-02,6.27850e-01,9.76777e-02,8.07367e-03,1.50686e-02,3.21550e-01
3.38666e-02,6.20067e-01,4.56805e-03,7.98955e+00,1.08306e-02,1.32325e-02,3.21231e-02,2.06199e-01,6.71451e-02,8.75119e-01,5.77509e-03,2.20239e+00,2.32041e-01,3.94492e-02,1.31336e-02,6.17507e-01,9.76683e-02,8.05399e-03,1.50230e-02,3.22171e-01
3.37893e-02,6.18019e-01,4.55439e-03,7.80468e+00,1.08125e-02,1.32005e-02,3.20695e-02,2.02743e-01,6.70116e-02,8.50860e-01,5.76261e-03,2.19608e+00,2.31552e-01,3.93713e-02,1.31075e-02,6.07582e-01,9.76555e-02,8.03655e-03,1.49791e-02,3.22782e-01
3.37160e-02,6.16324e-01,4.54149e-03,7.61436e+00,1.07915e-02,1.31675e-02,3.20053e-02,1.99514e-01,6.68686e-02,8.27459e-01,5.74965e-03,2.18676e+00,2.31091e-01,3.92927e-02,1.30830e-02,5.98195e-01,9.76388e-02,8.02246e-03,1.49354e-02,3.23362e-01
3.36461e-02,6.15053e-01,4.52888e-03,7.41906e+00,1.07682e-02,1.31366e-02,3.19416e-02,1.96497e-01,6.67291e-02,8.04929e-01,5.73906e-03,2.17436e+00,2.30629e-01,3.92029e-02,1.30576e-02,5.89103e-01,9.76267e-02,8.00704e-03,1.48886e-02,3.23937e-01
3.35791e-02,6.14247e-01,4.52143e-03,7.21923e+00,1.07405e-02,1.31049e-02,3.18818e-02,1.93639e-01,6.65958e-02,7.83283e-01,5.72674e-03,2.15893e+00,2.30171e-01,3.91287e-02,1.30306e-02,5.80484e-01,9.75983e-02,7.98725e-03,1.48420e-02,3.24490e-01
3.35083e-02,6.14436e-01,4.51870e-03,7.01539e+00,1.07191e-02,1.30759e-02,3.18276e-02,1.90954e-01,6.64610e-02,7.62465e-01,5.71171e-03,2.14067e+00,2.29709e-01,3.90515e-02,1.30002e-02,5.72189e-01,9.75575e-02,7.96644e-03,1.48071e-02,3.25083e-01
3.34380e-02,6.16080e-01,4.51202e-03,6.80794e+00,1.06916e-02,1.30535e-02,3.17697e-02,1.88488e-01,6.63209e-02,7.42524e-01,5.69781e-03,2.11993e+00,2.29254e-01,3.89703e-02,1.29733e-02,5.64191e-01,9.75242e-02,7.95077e-03,1.47683e-02,3.25724e-01
3.33657e-02,6.20591e-01,4.50164e-03,6.59705e+00,1.06708e-02,1.30322e-02,3.17142e-02,1.86174e-01,6.61876e-02,7.23408e-01,5.68718e-03,2.09696e+00,2.28805e-01,3.88909e-02,1.29453e-02,5.56567e-01,9.74858e-02,7.93851e-03,1.47247e-02,3.26428e-01
3.32990e-02,6.30691e-01,4.48834e-03,6.38286e+00,1.06511e-02,1.30059e-02,3.16557e-02,1.84032e-01,6.60566e-02,7.05052e-01,5.67851e-03,2.07180e+00,2.28363e-01,3.88107e-02,1.29183e-02,5.49068e-01,9.74312e-02,7.92594e-03,1.46905e-02,3.27211e-01
3.32247e-02,6.52104e-01,4.47744e-03,6.16580e+00,1.06240e-02,1.29796e-02,3.15975e-02,1.82055e-01,6.59187e-02,6.87442e-01,5.66938e-03,2.04483e+00,2.27904e-01,3.87328e-02,1.28974e-02,5.41883e-01,9.73819e-02,7.90972e-03,1.46514e-02,3.28108e-01
3.31598e-02,6.96662e-01,4.46456e-03,5.94676e+00,1.05973e-02,1.29527e-02,3.15508e-02,1.80246e-01,6.57837e-02,6.70633e-01,5.69030e-03,2.01621e+00,2.27443e-01,3.86471e-02,1.28737e-02,5.34844e-01,9.73212e-02,7.89172e-03,1.46171e-02,3.29159e-01
3.30914e-02,7.85555e-01,4.45290e-03,5.72705e+00,1.05774e-02,1.29224e-02,3.14952e-02,1.78558e-01,6.56472e-02,6.54457e-01,5.71808e-03,1.98630e+00,2.26998e-01,3.85657e-02,1.28507e-02,5.27967e-01,9.72559e-02,7.87669e-03,1.45768e-02,3.30342e-01
3.30209e-02,9.47047e-01,4.44095e-03,5.50824e+00,1.05586e-02,1.28944e-02,3.14326e-02,1.77026e-01,6.55055e-02,6.38989e-01,5.75097e-03,1.95535e+00,2.26542e-01,3.84876e-02,1.28293e-02,5.21263e-01,9.71879e-02,7.86267e-03,1.46040e-02,3.31688e-01
3.29508e-02,1.20271e+00,4.42941e-03,5.29163e+00,1.05348e-02,1.28691e-02,3.13735e-02,1.75613e-01,6.54665e-02,6.24130e-01,5.77235e-03,1.92343e+00,2.26087e-01,3.84064e-02,1.28085e-02,5.14741e-01,9.72393e-02,7.84679e-03,1.46912e-02,3.33230e-01
3.28848e-02,1.54892e+00,4.42300e-03,5.07898e+00,1.05070e-02,1.28450e-02,3.13103e-02,1.74421e-01,6.54546e-02,6.09982e-01,5.78395e-03,1.89104e+00,2.25623e-01,3.83329e-02,1.27837e-02,5.08359e-01,9.72857e-02,7.84908e-03,1.48101e-02,3.34933e-01
3.28185e-02,1.95284e+00,4.42062e-03,4.87139e+00,1.05306e-02,1.28224e-02,3.12543e-02,1.73362e-01,6.54384e-02,5.96350e-01,5.79076e-03,1.85832e+00,2.25148e-01,3.82523e-02,1.27589e-02,5.02116e-01,9.73308e-02,7.87757e-03,1.51865e-02,3.36837e-01
3.27478e-02,2.36722e+00,4.41706e-03,4.66965e+00,1.05595e-02,1.28038e-02,3.12005e-02,1.72424e-01,6.54490e-02,5.83388e-01,5.80203e-03,1.82549e+00,2.24688e-01,3.81771e-02,1.27358e-02,4.96033e-01,9.73330e-02,7.88103e-03,1.55295e-02,3.38905e-01
3.26807e-02,2.75258e+00,4.41110e-03,4.47437e+00,1.05787e-02,1.29239e-02,3.11863e-02,1.71575e-01,6.54575e-02,5.70977e-01,5.86371e-03,1.79264e+00,2.24234e-01,3.80961e-02,1.27370e-02,4.90055e-01,9.75588e-02,7.89035e-03,1.59473e-02,3.41104e-01
3.26195e-02,3.09116e+00,4.41320e-03,4.28620e+00,1.06227e-02,1.30364e-02,3.11593e-02,1.70799e-01,6.54722e-02,5.59060e-01,5.95065e-03,1.76000e+00,2.23773e-01,3.80171e-02,1.27313e-02,4.84195e-01,9.77535e-02,8.09676e-03,1.63651e-02,3.43479e-01
3.26596e-02,3.38937e+00,4.47179e-03,4.10479e+00,1.06397e-02,1.31661e-02,3.11504e-02,1.70109e-01,6.55915e-02,5.47648e-01,6.05452e-03,1.72782e+00,2.23319e-01,3.79773e-02,1.27239e-02,4.78413e-01,9.78541e-02,8.27829e-03,1.67807e-02,3.45961e-01
3.27487e-02,3.66782e+00,4.55997e-03,3.93012e+00,1.06421e-02,1.32623e-02,3.10989e-02,1.69476e-01,6.58733e-02,5.36713e-01,6.13203e-03,1.69629e+00,2.22852e-01,3.79627e-02,1.27178e-02,4.72706e-01,9.78826e-02,8.43014e-03,1.72260e-02,3.48591e-01
3.28400e-02,3.95151e+00,4.66605e-03,3.76220e+00,1.06388e-02,1.33280e-02,3.10574e-02,1.68937e-01,6.63968e-02,5.26215e-01,6.19359e-03,1.66535e+00,2.22385e-01,3.79809e-02,1.27792e-02,4.67114e-01,9.78568e-02,8.69969e-03,1.76964e-02,3.51287e-01
3.29293e-02,4.25603e+00,4.77732e-03,3.60140e+00,1.06480e-02,1.33775e-02,3.10032e-02,1.68410e-01,6.71100e-02,5.16248e-01,6.24200e-03,1.63517e+00,2.21912e-01,3.80567e-02,1.28155e-02,4.61622e-01,9.77996e-02,9.08646e-03,1.82445e-02,3.53969e-01
3.30682e-02,4.58025e+00,4.88353e-03,3.44779e+00,1.06531e-02,1.34073e-02,3.09438e-02,1.67928e-01,6.79411e-02,5.06651e-01,6.28487e-03,1.60583e+00,2.21450e-01,3.82060e-02,1.28500e-02,4.56105e-01,9.77180e-02,9.49127e-03,1.88751e-02,3.56626e-01
3.33464e-02,4.91215e+00,4.97717e-03,3.30158e+00,1.06589e-02,1.34471e-02,3.08785e-02,1.67463e-01,6.88888e-02,4.97541e-01,6.32453e-03,1.57741e+00,2.20995e-01,3.84038e-02,1.29033e-02,4.50534e-01,9.76545e-02,9.82823e-03,1.96022e-02,3.59236e-01
3.38172e-02,5.23670e+00,5.06311e-03,3.16292e+00,1.06633e-02,1.34649e-02,3.08484e-02,1.67055e-01,6.99454e-02,4.88781e-01,6.34998e-03,1.54997e+00,2.20556e-01,3.86553e-02,1.29698e-02,4.45033e-01,9.76129e-02,1.00739e-02,2.04177e-02,3.61675e-01
3.45377e-02,5.54305e+00,5.16043e-03,3.03193e+00,1.06655e-02,1.34838e-02,3.08426e-02,1.66632e-01,7.11980e-02,4.80520e-01,6.37169e-03,1.52356e+00,2.20127e-01,3.89485e-02,1.30584e-02,4.39479e-01,9.75684e-02,1.02007e-02,2.13055e-02,3.64013e-01
3.54875e-02,5.82523e+00,5.25581e-03,2.90872e+00,1.06511e-02,1.34961e-02,3.08423e-02,1.66245e-01,7.25472e-02,4.72526e-01,6.39313e-03,1.49822e+00,2.19708e-01,3.93381e-02,1.31561e-02,4.33946e-01,9.75295e-02,1.01928e-02,2.22247e-02,3.66229e-01
3.66108e-02,6.07996e+00,5.32087e-03,2.79307e+00,1.06296e-02,1.35035e-02,3.08739e-02,1.65858e-01,7.40293e-02,4.64955e-01,6.40563e-03,1.47391e+00,2.19312e-01,3.98353e-02,1.32599e-02,4.28400e-01,9.75209e-02,1.01289e-02,2.31222e-02,3.68327e-01
3.78573e-02,6.30509e+00,5.33585e-03,2.68487e+00,1.06108e-02,1.34932e-02,3.09068e-02,1.65501e-01,7.55380e-02,4.57710e-01,6.41489e-03,1.45071e+00,2.18933e-01,4.04598e-02,1.33788e-02,4.22925e-01,9.75291e-02,1.00039e-02,2.39715e-02,3.70254e-01
3.91142e-02,6.50044e+00,5.31041e-03,2.58386e+00,1.05900e-02,1.34842e-02,3.09696e-02,1.65178e-01,7.70261e-02,4.50834e-01,6.42086e-03,1.42860e+00,2.18572e-01,4.11766e-02,1.35044e-02,4.17528e-01,9.75123e-02,9.85300e-03,2.47463e-02,3.71971e-01
4.03321e-02,6.66909e+00,5.23973e-03,2.48947e+00,1.05601e-02,1.34653e-02,3.10371e-02,1.64862e-01,7.84520e-02,4.44214e-01,6.42615e-03,1.40750e+00,2.18234e-01,4.19216e-02,1.36471e-02,4.12250e-01,9.74648e-02,9.67280e-03,2.54157e-02,3.73482e-01
4.14576e-02,6.81777e+00,5.14070e-03,2.40126e+00,1.05330e-02,1.34393e-02,3.10993e-02,1.64569e-01,7.97484e-02,4.37974e-01,6.42544e-03,1.38761e+00,2.17904e-01,4.26179e-02,1.38074e-02,4.07179e-01,9.74075e-02,9.47762e-03,2.59806e-02,3.74792e-01
4.24824e-02,6.95590e+00,5.03713e-03,2.31892e+00,1.05134e-02,1.34113e-02,3.11473e-02,1.64286e-01,8.08948e-02,4.32015e-01,6.42002e-03,1.36933e+00,2.17577e-01,4.32221e-02,1.39761e-02,4.02353e-01,9.73338e-02,9.28641e-03,2.64533e-02,3.75858e-01
4.34162e-02,7.09374e+00,4.93505e-03,2.24201e+00,1.05039e-02,1.33689e-02,3.11705e-02,1.64064e-01,8.18556e-02,4.26349e-01,6.42271e-03,1.35290e+00,2.17259e-01,4.37088e-02,1.41545e-02,3.97659e-01,9.72453e-02,9.08226e-03,2.68150e-02,3.76653e-01
4.42361e-02,7.23987e+00,4.82932e-03,2.16992e+00,1.05002e-02,1.33307e-02,3.11471e-02,1.63819e-01,8.26118e-02,4.20977e-01,6.43698e-03,1.33901e+00,2.16954e-01,4.40718e-02,1.43552e-02,3.93304e-01,9.71337e-02,8.89076e-03,2.70967e-02,3.77191e-01
4.49663e-02,7.39874e+00,4.73747e-03,2.10238e+00,1.05041e-02,1.32908e-02,3.10962e-02,1.63650e-01,8.32399e-02,4.15928e-01,6.45881e-03,1.32908e+00,2.16658e-01,4.43196e-02,1.45594e-02,3.89113e-01,9.69887e-02,8.71434e-03,2.73481e-02,3.77494e-01
4.55600e-02,7.56927e+00,4.64808e-03,2.03900e+00,1.05136e-02,1.32619e-02,3.10250e-02,1.63449e-01,8.37001e-02,4.11057e-01,6.48553e-03,1.32536e+00,2.16374e-01,4.44802e-02,1.47835e-02,3.85029e-01,9.68266e-02,8.54990e-03,2.75635e-02,3.77547e-01
4.60036e-02,7.74568e+00,4.56847e-03,1.97944e+00,1.05194e-02,1.32277e-02,3.09531e-02,1.63284e-01,8.40726e-02,4.06501e-01,6.51576e-03,1.33168e+00,2.16085e-01,4.45800e-02,1.50314e-02,3.81153e-01,9.66488e-02,8.40366e-03,2.77670e-02,3.77350e-01
4.62558e-02,7.91839e+00,4.49626e-03,1.92350e+00,1.05239e-02,1.31995e-02,3.08684e-02,1.63101e-01,8.43624e-02,4.02124e-01,6.54665e-03,1.35459e+00,2.15806e-01,4.46246e-02,1.53074e-02,3.77357e-01,9.64359e-02,8.27488e-03,2.79481e-02,3.76875e-01
4.62819e-02,8.07718e+00,4.43661e-03,1.87094e+00,1.05309e-02,1.31766e-02,3.07757e-02,1.62942e-01,8.46146e-02,3.98045e-01,6.57535e-03,1.40387e+00,2.15545e-01,4.46386e-02,1.56106e-02,3.73650e-01,9.62155e-02,8.15846e-03,2.81163e-02,3.76151e-01
4.60834e-02,8.21357e+00,4.37667e-03,1.82130e+00,1.05368e-02,1.31605e-02,3.06926e-02,1.62785e-01,8.48395e-02,3.94165e-01,6.60285e-03,1.49163e+00,2.15264e-01,4.46221e-02,1.59341e-02,3.70008e-01,9.59854e-02,8.05807e-03,2.82935e-02,3.75221e-01
4.56822e-02,8.32220e+00,4.32951e-03,1.77447e+00,1.05369e-02,1.31545e-02,3.06129e-02,1.62645e-01,8.50591e-02,3.90539e-01,6.62420e-03,1.62895e+00,2.15007e-01,4.45787e-02,1.62894e-02,3.66475e-01,9.57374e-02,7.97500e-03,2.84879e-02,3.74076e-01
4.50910e-02,8.40120e+00,4.28564e-03,1.73020e+00,1.05245e-02,1.31643e-02,3.05403e-02,1.62517e-01,8.52708e-02,3.87124e-01,6.63506e-03,1.82028e+00,2.14747e-01,4.45138e-02,1.66629e-02,3.62997e-01,9.54657e-02,7.90189e-03,2.86733e-02,3.72700e-01
4.43648e-02,8.45204e+00,4.24435e-03,1.68819e+00,1.05021e-02,1.31685e-02,3.04660e-02,1.62381e-01,8.54920e-02,3.84002e-01,6.63929e-03,2.05926e+00,2.14511e-01,4.44003e-02,1.70420e-02,3.59705e-01,9.51912e-02,7.85406e-03,2.88469e-02,3.71143e-01
4.35410e-02,8.47748e+00,4.20947e-03,1.64839e+00,1.04681e-02,1.31924e-02,3.04186e-02,1.62286e-01,8.57022e-02,3.81027e-01,6.64125e-03,2.33093e+00,2.14275e-01,4.42527e-02,1.74349e-02,3.56582e-01,9.49170e-02,7.80347e-03,2.90066e-02,3.69434e-01
4.26634e-02,8.48175e+00,4.18799e-03,1.61056e+00,1.04179e-02,1.32206e-02,3.03803e-02,1.62177e-01,8.58903e-02,3.78327e-01,6.63657e-03,2.61698e+00,2.14052e-01,4.40642e-02,1.78344e-02,3.53610e-01,9.46406e-02,7.77182e-03,2.91592e-02,3.67606e-01
4.17557e-02,8.46899e+00,4.17405e-03,1.57442e+00,1.03677e-02,1.32663e-02,3.03520e-02,1.62141e-01,8.60401e-02,3.75862e-01,6.62693e-03,2.90155e+00,2.13844e-01,4.38263e-02,1.82497e-02,3.50907e-01,9.43689e-02,7.75176e-03,2.92928e-02,3.65685e-01
4.08551e-02,8.44291e+00,4.15583e-03,1.53992e+00,1.03046e-02,1.33092e-02,3.03258e-02,1.62062e-01,8.61356e-02,3.73665e-01,6.61817e-03,3.17556e+00,2.13654e-01,4.35461e-02,1.86711e-02,3.48449e-01,9.41154e-02,7.72201e-03,2.93970e-02,3.63649e-01
3.99814e-02,8.40680e+00,4.13710e-03,1.50690e+00,1.02419e-02,1.33765e-02,3.03060e-02,1.62076e-01,8.61697e-02,3.71681e-01,6.60692e-03,3.43770e+00,2.13467e-01,4.32262e-02,1.91064e-02,3.46232e-01,9.38532e-02,7.71273e-03,2.94753e-02,3.61523e-01
3.91362e-02,8.36225e+00,4.12832e-03,1.47524e+00,1.01735e-02,1.34555e-02,3.02921e-02,1.62034e-01,8.61254e-02,3.69961e-01,6.58988e-03,3.69286e+00,2.13280e-01,4.28766e-02,1.95465e-02,3.44270e-01,9.36008e-02,7.69534e-03,2.95281e-02,3.59351e-01
3.83355e-02,8.31053e+00,4.11450e-03,1.44474e+00,1.01051e-02,1.35454e-02,3.02900e-02,1.62001e-01,8.59975e-02,3.68475e-01,6.57374e-03,3.94820e+00,2.13109e-01,4.24959e-02,1.99764e-02,3.42564e-01,9.33430e-02,7.67471e-03,2.95583e-02,3.57142e-01
3.75694e-02,8.25095e+00,4.10470e-03,1.41542e+00,1.00368e-02,1.36392e-02,3.02927e-02,1.62002e-01,8.57752e-02,3.67257e-01,6.56107e-03,4.20936e+00,2.12931e-01,4.20915e-02,2.03917e-02,3.41058e-01,9.30874e-02,7.65177e-03,2.95452e-02,3.54857e-01
3.68529e-02,8.18305e+00,4.10349e-03,1.38724e+00,9.97491e-03,1.37562e-02,3.03040e-02,1.61995e-01,8.54606e-02,3.66290e-01,6.55156e-03,4.47784e+00,2.12765e-01,4.16677e-02,2.07748e-02,3.39788e-01,9.28377e-02,7.62800e-03,2.95064e-02,3.52537e-01
3.61918e-02,8.10565e+00,4.10117e-03,1.36015e+00,9.91625e-03,1.38611e-02,3.03222e-02,1.62012e-01,8.50379e-02,3.65561e-01,6.54707e-03,4.75106e+00,2.12591e-01,4.12270e-02,2.11233e-02,3.38794e-01,9.25688e-02,7.60482e-03,2.94577e-02,3.50182e-01
3.55701e-02,8.01878e+00,4.09142e-03,1.33408e+00,9.85922e-03,1.39662e-02,3.03490e-02,1.61999e-01,8.45431e-02,3.65014e-01,6.54488e-03,5.02338e+00,2.12382e-01,4.07875e-02,2.14289e-02,3.37920e-01,9.23147e-02,7.57880e-03,2.93918e-02,3.47801e-01
3.49898e-02,7.92256e+00,4.08584e-03,1.30894e+00,9.79941e-03,1.40715e-02,3.03805e-02,1.61991e-01,8.39585e-02,3.64714e-01,6.54352e-03,5.28877e+00,2.12175e-01,4.03580e-02,2.16665e-02,3.37212e-01,9.20759e-02,7.55138e-03,2.93236e-02,3.45437e-01
3.44631e-02,7.81767e+00,4.08027e-03,1.28464e+00,9.75165e-03,1.41594e-02,3.04312e-02,1.62013e-01,8.33217e-02,3.64582e-01,6.54694e-03,5.54164e+00,2.11925e-01,3.99291e-02,2.18432e-02,3.36716e-01,9.18372e-02,7.52328e-03,2.92512e-02,3.43079e-01
3.39819e-02,7.70528e+00,4.06902e-03,1.26127e+00,9.70412e-03,1.42381e-02,3.04922e-02,1.62001e-01,8.26179e-02,3.64625e-01,6.55465e-03,5.77772e+00,2.11650e-01,3.95205e-02,2.19589e-02,3.36353e-01,9.15927e-02,7.49550e-03,2.91751e-02,3.40755e-01
3.35231e-02,7.58631e+00,4.05745e-03,1.23879e+00,9.65661e-03,1.43034e-02,3.05548e-02,1.62008e-01,8.18835e-02,3.64782e-01,6.56828e-03,5.99468e+00,2.11304e-01,3.91324e-02,2.20071e-02,3.36079e-01,9.13508e-02,7.46670e-03,2.91101e-02,3.38437e-01
3.31202e-02,7.46170e+00,4.05390e-03,1.21715e+00,9.61600e-03,1.43473e-02,3.06372e-02,1.61965e-01,8.11141e-02,3.65108e-01,6.58234e-03,6.19130e+00,2.10912e-01,3.87695e-02,2.19957e-02,3.35957e-01,9.11198e-02,7.43521e-03,2.90575e-02,3.36187e-01
3.27500e-02,7.33223e+00,4.04778e-03,1.19623e+00,9.58012e-03,1.43773e-02,3.07311e-02,1.61954e-01,8.03232e-02,3.65520e-01,6.59087e-03,6.36844e+00,2.10464e-01,3.84350e-02,2.19352e-02,3.35902e-01,9.08965e-02,7.40119e-03,2.90064e-02,3.33985e-01
3.24018e-02,7.19828e+00,4.04166e-03,1.17610e+00,9.54123e-03,1.43948e-02,3.08427e-02,1.61917e-01,7.95117e-02,3.65985e-01,6.59611e-03,6.52835e+00,2.09969e-01,3.81288e-02,2.18231e-02,3.35953e-01,9.06735e-02,7.36807e-03,2.89573e-02,3.31890e-01
3.21000e-02,7.06011e+00,4.04405e-03,1.15681e+00,9.51176e-03,1.43997e-02,3.09640e-02,1.61894e-01,7.86993e-02,3.66503e-01,6.59574e-03,6.67500e+00,2.09406e-01,3.78562e-02,2.16800e-02,3.36116e-01,9.04655e-02,7.33645e-03,2.89207e-02,3.29887e-01
3.18211e-02,6.91814e+00,4.04439e-03,1.13841e+00,9.48905e-03,1.44398e-02,3.11416e-02,1.61818e-01,7.78630e-02,3.67142e-01,6.59438e-03,6.81374e+00,2.08785e-01,3.76101e-02,2.15158e-02,3.36341e-01,9.02456e-02,7.30375e-03,2.88925e-02,3.28048e-01
3.15748e-02,6.77259e+00,4.03219e-03,1.12072e+00,9.46004e-03,1.45544e-02,3.13059e-02,1.61847e-01,7.70177e-02,3.67784e-01,6.60701e-03,6.94989e+00,2.08122e-01,3.73862e-02,2.13336e-02,3.36626e-01,9.00324e-02,7.27331e-03,2.88736e-02,3.26323e-01
3.13434e-02,6.62340e+00,4.02749e-03,1.10398e+00,9.43617e-03,1.47337e-02,3.15034e-02,1.62070e-01,7.61774e-02,3.68460e-01,6.61834e-03,7.08785e+00,2.07420e-01,3.71814e-02,2.11499e-02,3.36985e-01,8.98767e-02,7.24295e-03,2.88618e-02,3.24744e-01
3.11476e-02,6.47105e+00,4.02183e-03,1.08789e+00,9.41458e-03,1.49282e-02,3.17017e-02,1.62397e-01,7.53403e-02,3.69159e-01,6.63196e-03,7.23048e+00,2.06686e-01,3.69986e-02,2.09680e-02,3.37409e-01,8.97211e-02,7.21438e-03,2.88519e-02,3.23312e-01
3.09657e-02,6.31566e+00,4.00627e-03,1.07258e+00,9.38388e-03,1.50982e-02,3.19050e-02,1.62869e-01,7.44946e-02,3.69861e-01,6.64335e-03,7.37792e+00,2.05922e-01,3.68407e-02,2.07905e-02,3.37871e-01,8.95755e-02,7.18596e-03,2.88429e-02,3.22029e-01
3.07959e-02,6.15751e+00,3.98862e-03,1.05817e+00,9.36099e-03,1.52905e-02,3.21164e-02,1.63429e-01,7.36611e-02,3.70542e-01,6.65125e-03,7.52811e+00,2.05148e-01,3.66863e-02,2.06131e-02,3.38383e-01,8.94407e-02,7.16306e-03,2.88430e-02,3.20893e-01
3.06472e-02,5.99697e+00,3.97774e-03,1.04478e+00,9.33867e-03,1.55331e-02,3.23539e-02,1.63885e-01,7.28447e-02,3.71199e-01,6.65510e-03,7.67682e+00,2.04373e-01,3.65424e-02,2.04358e-02,3.38942e-01,8.93060e-02,7.14210e-03,2.88376e-02,3.19911e-01
3.05165e-02,5.83436e+00,3.96596e-03,1.03200e+00,9.31377e-03,1.58269e-02,3.26361e-02,1.64318e-01,7.20351e-02,3.71819e-01,6.65482e-03,7.81897e+00,2.03604e-01,3.64071e-02,2.02584e-02,3.39571e-01,8.92059e-02,7.11944e-03,2.88186e-02,3.19044e-01
3.03930e-02,5.67018e+00,3.95854e-03,1.02003e+00,9.29178e-03,1.61915e-02,3.29912e-02,1.64728e-01,7.12479e-02,3.72385e-01,6.65207e-03,7.94911e+00,2.02845e-01,3.62649e-02,2.00778e-02,3.40203e-01,8.91355e-02,7.09796e-03,2.87577e-02,3.18299e-01
3.02752e-02,5.50486e+00,3.95900e-03,1.00861e+00,9.27669e-03,1.66492e-02,3.34038e-02,1.65157e-01,7.04742e-02,3.72914e-01,6.64698e-03,8.06276e+00,2.02099e-01,3.61318e-02,1.98868e-02,3.40899e-01,8.91097e-02,7.07591e-03,2.86485e-02,3.17686e-01
3.01670e-02,5.33891e+00,3.95795e-03,9.97761e-01,9.26386e-03,1.72077e-02,3.39148e-02,1.65566e-01,6.97203e-02,3.73403e-01,6.64794e-03,8.15681e+00,2.01380e-01,3.59875e-02,1.96844e-02,3.41685e-01,8.90738e-02,7.05727e-03,2.84892e-02,3.17137e-01
3.00653e-02,5.17298e+00,3.95072e-03,9.87466e-01,9.25122e-03,1.78999e-02,3.44827e-02,1.65894e-01,6.90072e-02,3.73864e-01,6.66371e-03,8.23014e+00,2.00672e-01,3.58490e-02,1.94700e-02,3.42547e-01,8.90794e-02,7.04044e-03,2.82740e-02,3.16694e-01
2.99649e-02,5.00788e+00,3.94769e-03,9.77610e-01,9.23458e-03,1.87343e-02,3.50833e-02,1.66197e-01,6.83216e-02,3.74298e-01,6.69343e-03,8.28282e+00,2.00007e-01,3.57145e-02,1.92444e-02,3.43494e-01,8.91345e-02,7.02375e-03,2.79899e-02,3.16298e-01
2.98794e-02,4.84420e+00,3.93976e-03,9.67847e-01,9.22175e-03,1.96736e-02,3.56694e-02,1.66506e-01,6.76673e-02,3.74692e-01,6.72517e-03,8.31617e+00,1.99364e-01,3.55786e-02,1.90076e-02,3.44534e-01,8.92200e-02,7.00974e-03,2.76588e-02,3.15949e-01
2.97967e-02,4.68269e+00,3.92591e-03,9.57925e-01,9.20145e-03,2.07090e-02,3.61415e-02,1.66939e-01,6.70445e-02,3.75075e-01,6.75184e-03,8.33246e+00,1.98747e-01,3.54350e-02,1.87627e-02,3.45646e-01,8.93572e-02,6.99290e-03,2.72752e-02,3.15640e-01
2.97031e-02,4.52394e+00,3.91247e-03,9.47859e-01,9.18502e-03,2.17874e-02,3.64802e-02,1.67489e-01,6.64745e-02,3.75424e-01,6.77501e-03,8.33395e+00,1.98150e-01,3.53035e-02,1.85138e-02,3.46883e-01,8.95321e-02,6.97896e-03,2.68634e-02,3.15335e-01
2.96289e-02,4.36832e+00,3.90374e-03,9.37508e-01,9.17841e-03,2.28727e-02,3.66392e-02,1.68184e-01,6.59435e-02,3.75710e-01,6.80400e-03,8.32302e+00,1.97555e-01,3.51643e-02,1.82629e-02,3.48220e-01,8.97574e-02,6.96810e-03,2.64324e-02,3.15063e-01
2.95569e-02,4.21641e+00,3.89157e-03,9.27190e-01,9.16654e-03,2.39453e-02,3.66667e-02,1.69016e-01,6.54427e-02,3.75982e-01,6.83717e-03,8.30184e+00,1.97009e-01,3.50298e-02,1.80165e-02,3.49703e-01,9.00227e-02,6.95593e-03,2.59894e-02,3.14753e-01
2.94890e-02,4.06837e+00,3.88287e-03,9.16996e-01,9.14618e-03,2.50157e-02,3.66045e-02,1.70018e-01,6.49824e-02,3.76231e-01,6.87115e-03,8.27174e+00,1.96462e-01,3.48843e-02,1.77763e-02,3.51260e-01,9.03139e-02,6.94395e-03,2.55206e-02,3.14429e-01
2.94165e-02,3.92449e+00,3.87881e-03,9.07166e-01,9.12951e-03,2.60836e-02,3.65015e-02,1.71106e-01,6.45611e-02,3.76451e-01,6.90494e-03,8.23380e+00,1.95936e-01,3.47513e-02,1.75493e-02,3.52957e-01,9.06569e-02,6.93151e-03,2.50537e-02,3.14088e-01
2.93530e-02,3.78492e+00,3.87237e-03,8.97755e-01,9.11597e-03,2.71432e-02,3.63771e-02,1.72300e-01,6.41714e-02,3.76621e-01,6.93684e-03,8.18818e+00,1.95397e-01,3.46257e-02,1.73433e-02,3.54755e-01,9.10238e-02,6.92140e-03,2.46022e-02,3.13704e-01
2.92852e-02,3.64976e+00,3.86223e-03,8.88993e-01,9.09843e-03,2.81670e-02,3.62989e-02,1.73476e-01,6.38069e-02,3.76766e-01,6.97227e-03,8.13509e+00,1.94871e-01,3.44999e-02,1.71610e-02,3.56638e-01,9.14136e-02,6.90981e-03,2.41499e-02,3.13272e-01
2.92130e-02,3.51928e+00,3.85443e-03,8.80857e-01,9.07864e-03,2.91559e-02,3.62762e-02,1.74661e-01,6.34886e-02,3.76878e-01,7.00982e-03,8.07450e+00,1.94379e-01,3.43739e-02,1.70088e-02,3.58617e-01,9.18297e-02,6.89664e-03,2.37034e-02,3.12815e-01
2.91476e-02,3.39355e+00,3.84483e-03,8.73395e-01,9.05221e-03,3.00788e-02,3.63227e-02,1.75710e-01,6.32126e-02,3.76954e-01,7.04657e-03,8.00613e+00,1.93854e-01,3.42544e-02,1.69075e-02,3.60685e-01,9.22633e-02,6.88590e-03,2.32757e-02,3.12290e-01
2.90823e-02,3.27251e+00,3.82944e-03,8.66507e-01,9.02343e-03,3.09547e-02,3.64554e-02,1.76649e-01,6.29476e-02,3.76977e-01,7.09014e-03,7.92994e+00,1.93350e-01,3.41497e-02,1.68495e-02,3.62780e-01,9.26980e-02,6.87478e-03,2.28555e-02,3.11725e-01
2.90128e-02,3.15648e+00,3.81819e-03,8.60195e-01,8.99129e-03,3.17862e-02,3.66483e-02,1.77461e-01,6.27200e-02,3.76949e-01,7.13894e-03,7.84652e+00,1.92851e-01,3.40421e-02,1.68475e-02,3.64875e-01,9.31480e-02,6.86092e-03,2.24544e-02,3.11111e-01
2.89502e-02,3.04537e+00,3.81595e-03,8.54257e-01,8.97651e-03,3.26025e-02,3.69041e-02,1.78075e-01,6.25080e-02,3.76858e-01,7.18433e-03,7.75605e+00,1.92337e-01,3.39452e-02,1.69055e-02,3.66976e-01,9.36020e-02,6.84611e-03,2.20644e-02,3.10458e-01
2.88856e-02,2.93920e+00,3.81224e-03,8.48680e-01,8.95932e-03,3.34039e-02,3.72116e-02,1.78565e-01,6.23096e-02,3.76716e-01,7.22552e-03,7.65923e+00,1.91834e-01,3.38515e-02,1.70116e-02,3.69058e-01,9.40678e-02,6.83172e-03,2.16747e-02,3.09754e-01
2.88226e-02,2.83817e+00,3.80978e-03,8.43265e-01,8.94317e-03,3.41613e-02,3.75594e-02,1.78889e-01,6.21291e-02,3.76486e-01,7.26426e-03,7.55657e+00,1.91321e-01,3.37613e-02,1.71653e-02,3.71114e-01,9.45476e-02,6.81961e-03,2.12962e-02,3.09004e-01
2.87614e-02,2.74214e+00,3.80908e-03,8.37967e-01,8.92012e-03,3.48562e-02,3.79061e-02,1.79072e-01,6.19606e-02,3.76235e-01,7.30242e-03,7.44858e+00,1.90798e-01,3.36796e-02,1.73495e-02,3.73085e-01,9.50345e-02,6.80676e-03,2.09444e-02,3.08233e-01
2.86986e-02,2.65100e+00,3.80654e-03,8.32730e-01,8.90263e-03,3.54649e-02,3.82727e-02,1.79148e-01,6.18005e-02,3.75946e-01,7.33438e-03,7.33586e+00,1.90273e-01,3.35912e-02,1.75702e-02,3.74992e-01,9.55451e-02,6.79220e-03,2.06066e-02,3.07449e-01
2.86424e-02,2.56467e+00,4.12863e-03,8.27393e-01,9.38721e-03,3.59277e-02,3.86519e-02,1.79117e-01,6.20660e-02,3.75838e-01,7.36261e-03,7.21891e+00,1.89755e-01,3.35089e-02,1.77981e-02,3.76754e-01,9.61224e-02,7.39601e-03,2.02763e-02,3.06631e-01
2.89085e-02,2.48333e+00,4.56010e-03,8.22810e-01,1.05157e-02,3.62307e-02,3.93233e-02,1.79545e-01,6.26300e-02,3.75777e-01,7.38833e-03,7.09800e+00,1.89667e-01,3.40473e-02,1.80374e-02,3.78682e-01,9.74317e-02,7.75874e-03,2.07309e-02,3.06286e-01
2.93937e-02,2.40608e+00,5.18598e-03,8.18583e-01,1.15956e-02,3.63506e-02,4.00222e-02,1.80129e-01,6.31799e-02,3.75873e-01,7.41223e-03,6.97333e+00,1.89642e-01,3.45695e-02,1.82731e-02,3.80738e-01,9.88139e-02,8.05144e-03,2.12026e-02,3.06278e-01
2.97827e-02,2.33346e+00,5.83564e-03,8.14581e-01,1.28730e-02,3.62623e-02,4.08312e-02,1.80374e-01,6.37270e-02,3.76162e-01,7.43581e-03,6.84529e+00,1.89635e-01,3.49995e-02,1.85000e-02,3.82647e-01,1.00244e-01,8.45407e-03,2.20069e-02,3.06058e-01
3.00025e-02,2.26495e+00,6.41064e-03,8.10391e-01,1.41645e-02,3.60129e-02,4.17091e-02,1.80395e-01,6.42662e-02,3.76463e-01,7.45713e-03,6.71392e+00,1.89828e-01,3.55002e-02,1.87074e-02,3.84320e-01,1.01488e-01,8.94219e-03,2.29128e-02,3.05964e-01
3.02569e-02,2.20016e+00,6.89090e-03,8.06022e-01,1.54345e-02,3.55842e-02,4.25790e-02,1.80307e-01,6.47421e-02,3.76780e-01,7.47762e-03,6.57953e+00,1.89897e-01,3.60702e-02,1.88861e-02,3.85800e-01,1.02584e-01,9.44150e-03,2.38687e-02,3.06025e-01
3.06798e-02,2.13898e+00,7.33130e-03,8.01835e-01,1.67467e-02,3.50065e-02,4.34632e-02,1.80039e-01,6.51550e-02,3.77086e-01,7.50108e-03,6.44250e+00,1.89701e-01,3.66658e-02,1.90375e-02,3.87112e-01,1.03549e-01,9.87356e-03,2.48626e-02,3.06075e-01
3.12565e-02,2.08123e+00,7.75873e-03,7.97931e-01,1.80944e-02,3.43050e-02,4.43280e-02,1.79569e-01,6.55512e-02,3.77437e-01,7.52101e-03,6.30298e+00,1.89393e-01,3.72346e-02,1.91579e-02,3.88229e-01,1.04383e-01,1.02588e-02,2.59141e-02,3.05990e-01
3.19671e-02,2.02660e+00,8.16923e-03,7.94354e-01,1.93939e-02,3.35072e-02,4.51623e-02,1.79016e-01,6.59653e-02,3.77806e-01,7.53837e-03,6.16120e+00,1.89199e-01,3.77244e-02,1.92461e-02,3.89206e-01,1.05051e-01,1.05781e-02,2.69680e-02,3.05833e-01
3.27930e-02,1.97478e+00,8.49156e-03,7.91025e-01,2.05491e-02,3.26621e-02,4.59961e-02,1.78398e-01,6.64369e-02,3.78139e-01,7.55322e-03,6.01776e+00,1.89178e-01,3.81774e-02,1.92951e-02,3.90002e-01,1.05650e-01,1.08891e-02,2.79843e-02,3.05682e-01
3.36890e-02,1.92554e+00,8.69015e-03,7.87967e-01,2.15105e-02,3.17921e-02,4.68250e-02,1.77712e-01,6.69850e-02,3.78483e-01,7.56605e-03,5.87261e+00,1.89359e-01,3.86742e-02,1.93186e-02,3.90598e-01,1.06152e-01,1.11644e-02,2.89709e-02,3.05574e-01
3.46245e-02,1.87871e+00,8.74694e-03,7.84991e-01,2.23655e-02,3.09163e-02,4.76073e-02,1.76949e-01,6.76378e-02,3.78851e-01,7.58183e-03,5.72623e+00,1.89719e-01,3.92193e-02,1.93172e-02,3.90950e-01,1.06532e-01,1.14343e-02,2.99345e-02,3.05500e-01
3.55842e-02,1.83406e+00,8.65466e-03,7.82134e-01,2.31738e-02,3.00955e-02,4.83212e-02,1.76136e-01,6.83854e-02,3.79238e-01,7.59530e-03,5.57938e+00,1.90252e-01,3.98405e-02,1.92953e-02,3.91089e-01,1.06848e-01,1.16732e-02,3.08595e-02,3.05441e-01
3.65520e-02,1.79158e+00,8.44054e-03,7.79233e-01,2.39376e-02,2.93041e-02,4.89012e-02,1.75316e-01,6.92179e-02,3.79682e-01,7.59949e-03,5.43231e+00,1.90957e-01,4.04410e-02,1.92640e-02,3.91036e-01,1.07091e-01,1.18630e-02,3.17500e-02,3.05451e-01
3.75453e-02,1.75101e+00,8.12585e-03,7.76159e-01,2.45836e-02,2.85833e-02,4.93470e-02,1.74446e-01,7.01430e-02,3.80238e-01,7.59590e-03,5.28534e+00,1.91797e-01,4.09786e-02,1.92182e-02,3.90857e-01,1.07261e-01,1.19620e-02,3.26194e-02,3.05510e-01
3.85592e-02,1.71229e+00,7.74951e-03,7.72862e-01,2.50349e-02,2.79300e-02,4.96814e-02,1.73543e-01,7.11236e-02,3.80842e-01,7.58616e-03,5.13924e+00,1.92711e-01,4.14466e-02,1.91755e-02,3.90581e-01,1.07357e-01,1.19568e-02,3.34530e-02,3.05606e-01
3.96031e-02,1.67525e+00,7.35410e-03,7.69165e-01,2.52461e-02,2.73379e-02,4.98831e-02,1.72664e-01,7.21431e-02,3.81569e-01,7.57140e-03,4.99452e+00,1.93659e-01,4.18135e-02,1.91482e-02,3.90253e-01,1.07350e-01,1.18536e-02,3.42522e-02,3.05753e-01
4.06546e-02,1.63990e+00,6.96062e-03,7.65054e-01,2.51702e-02,2.68179e-02,4.99296e-02,1.71806e-01,7.31819e-02,3.82396e-01,7.54872e-03,4.85158e+00,1.94584e-01,4.21147e-02,1.91278e-02,3.89826e-01,1.07212e-01,1.16563e-02,3.50070e-02,3.05990e-01
4.16617e-02,1.60618e+00,6.59910e-03,7.60642e-01,2.48120e-02,2.63614e-02,4.98498e-02,1.70919e-01,7.41769e-02,3.83327e-01,7.51914e-03,4.71077e+00,1.95443e-01,4.23851e-02,1.91182e-02,3.89301e-01,1.06931e-01,1.13954e-02,3.57201e-02,3.06290e-01
4.26117e-02,1.57403e+00,6.27224e-03,7.55835e-01,2.42081e-02,2.59567e-02,4.96490e-02,1.70148e-01,7.50888e-02,3.84366e-01,7.48090e-03,4.57276e+00,1.96176e-01,4.25978e-02,1.91180e-02,3.88666e-01,1.06551e-01,1.10919e-02,3.63869e-02,3.06660e-01
4.34430e-02,1.54343e+00,5.98865e-03,7.50987e-01,2.34406e-02,2.56311e-02,4.93284e-02,1.69325e-01,7.59187e-02,3.85416e-01,7.43495e-03,4.43771e+00,1.96774e-01,4.28112e-02,1.91221e-02,3.87923e-01,1.06136e-01,1.07882e-02,3.70314e-02,3.07110e-01
4.43986e-02,1.51418e+00,5.74717e-03,7.46061e-01,2.25560e-02,2.53298e-02,4.88967e-02,1.68620e-01,7.66544e-02,3.86568e-01,7.38274e-03,4.30578e+00,1.97222e-01,4.30153e-02,1.91361e-02,3.87050e-01,1.05673e-01,1.05117e-02,3.76022e-02,3.07595e-01
4.53805e-02,1.48624e+00,5.55746e-03,7.41093e-01,2.16067e-02,2.50865e-02,4.83633e-02,1.67890e-01,7.73904e-02,3.87800e-01,7.32319e-03,4.17738e+00,1.97554e-01,4.31769e-02,1.91474e-02,3.86040e-01,1.05205e-01,1.02824e-02,3.81218e-02,3.08136e-01
4.61628e-02,1.45963e+00,5.55130e-03,7.36338e-01,2.08303e-02,2.48740e-02,4.77517e-02,1.67208e-01,7.83917e-02,3.89110e-01,7.25640e-03,4.05279e+00,1.97689e-01,4.33757e-02,1.91474e-02,3.84920e-01,1.04982e-01,1.01951e-02,3.85783e-02,3.08639e-01
4.67691e-02,1.43686e+00,5.74546e-03,7.31802e-01,2.03622e-02,2.47496e-02,4.70895e-02,1.66657e-01,7.98185e-02,3.90650e-01,7.18341e-03,3.93277e+00,1.97725e-01,4.36001e-02,1.91316e-02,3.83698e-01,1.04986e-01,1.07859e-02,3.90812e-02,3.09094e-01
4.75376e-02,1.41425e+00,6.08932e-03,7.29174e-01,2.00043e-02,2.51436e-02,4.69608e-02,1.67519e-01,8.14211e-02,3.92311e-01,7.71264e-03,3.81631e+00,1.97646e-01,4.38391e-02,1.94029e-02,3.82354e-01,1.05184e-01,1.09795e-02,3.95057e-02,3.09579e-01
4.84468e-02,1.39092e+00,6.49761e-03,7.27530e-01,1.96972e-02,2.53677e-02,4.71418e-02,1.68303e-01,8.31613e-02,3.94250e-01,8.43021e-03,3.70406e+00,1.97535e-01,4.40459e-02,1.94711e-02,3.81046e-01,1.05491e-01,1.13155e-02,3.98758e-02,3.10101e-01
4.93931e-02,1.36933e+00,6.84721e-03,7.27085e-01,1.94217e-02,2.60304e-02,4.82358e-02,1.68252e-01,8.48910e-02,3.96465e-01,9.28785e-03,3.59612e+00,1.97381e-01,4.42436e-02,1.97406e-02,3.79766e-01,1.05907e-01,1.18705e-02,4.02135e-02,3.10785e-01
5.03297e-02,1.34904e+00,7.11012e-03,7.26529e-01,1.91699e-02,2.63926e-02,5.01470e-02,1.68054e-01,8.64773e-02,3.98926e-01,9.95065e-03,3.49248e+00,1.97235e-01,4.44377e-02,2.23455e-02,3.78534e-01,1.06454e-01,1.25522e-02,4.07986e-02,3.11361e-01
5.12291e-02,1.32964e+00,7.30918e-03,7.25717e-01,1.89309e-02,2.68046e-02,5.25577e-02,1.67779e-01,8.79804e-02,4.01647e-01,1.03759e-02,3.39350e+00,1.97084e-01,4.46342e-02,2.54147e-02,3.77407e-01,1.07051e-01,1.34311e-02,4.16083e-02,3.11935e-01
5.20372e-02,1.31098e+00,7.50066e-03,7.24845e-01,1.87538e-02,2.71572e-02,5.54393e-02,1.67423e-01,8.94907e-02,4.04596e-01,1.06155e-02,3.29937e+00,1.96988e-01,4.48098e-02,2.73721e-02,3.76385e-01,1.07693e-01,1.41433e-02,4.25401e-02,3.12570e-01
5.27436e-02,1.29318e+00,7.67450e-03,7.24257e-01,1.86266e-02,2.74724e-02,5.86286e-02,1.67237e-01,9.11291e-02,4.07706e-01,1.06868e-02,3.20991e+00,1.96971e-01,4.49568e-02,2.89840e-02,3.75494e-01,1.08326e-01,1.48391e-02,4.34603e-02,3.13338e-01
5.33405e-02,1.27613e+00,7.80294e-03,7.24131e-01,1.84914e-02,2.78215e-02,6.17993e-02,1.67288e-01,9.29439e-02,4.10901e-01,1.06274e-02,3.12545e+00,1.97041e-01,4.50724e-02,3.05230e-02,3.74825e-01,1.08945e-01,1.55340e-02,4.43845e-02,3.14226e-01
5.38481e-02,1.25975e+00,7.86731e-03,7.24267e-01,1.83719e-02,2.82422e-02,6.44606e-02,1.67545e-01,9.49324e-02,4.14172e-01,1.04925e-02,3.04581e+00,1.97232e-01,4.51862e-02,3.16075e-02,3.74395e-01,1.09821e-01,1.62066e-02,4.52358e-02,3.15286e-01
5.42962e-02,1.24388e+00,7.85551e-03,7.24585e-01,1.82401e-02,2.87792e-02,6.59464e-02,1.67957e-01,9.70993e-02,4.17439e-01,1.03142e-02,2.97050e+00,1.97535e-01,4.52925e-02,3.20358e-02,3.74140e-01,1.11069e-01,1.68316e-02,4.60445e-02,3.16529e-01
5.48268e-02,1.22842e+00,7.74833e-03,7.25008e-01,1.81442e-02,2.94367e-02,6.60129e-02,1.68565e-01,9.94037e-02,4.20762e-01,1.01471e-02,2.89968e+00,1.97946e-01,4.54194e-02,3.19202e-02,3.74111e-01,1.12795e-01,1.74455e-02,4.68114e-02,3.18008e-01
5.53295e-02,1.21340e+00,7.57073e-03,7.25463e-01,1.81227e-02,3.02141e-02,6.49241e-02,1.69242e-01,1.01794e-01,4.24074e-01,9.97950e-03,2.83291e+00,1.98486e-01,4.55942e-02,3.15656e-02,3.74256e-01,1.15023e-01,1.78239e-02,4.75535e-02,3.19619e-01
5.58155e-02,1.19880e+00,7.33311e-03,7.25829e-01,1.81644e-02,3.10520e-02,6.31150e-02,1.69995e-01,1.04205e-01,4.27360e-01,9.81161e-03,2.77007e+00,1.99130e-01,4.58241e-02,3.12314e-02,3.74580e-01,1.17619e-01,1.80634e-02,4.82862e-02,3.21391e-01
5.62603e-02,1.18473e+00,7.04956e-03,7.25938e-01,1.82345e-02,3.18286e-02,6.10844e-02,1.70863e-01,1.06592e-01,4.30604e-01,9.63387e-03,2.71088e+00,1.99870e-01,4.61073e-02,3.09996e-02,3.75034e-01,1.20446e-01,1.81518e-02,4.89570e-02,3.23209e-01
5.66322e-02,1.17109e+00,6.73592e-03,7.25701e-01,1.82955e-02,3.24547e-02,5.92277e-02,1.71776e-01,1.08912e-01,4.33768e-01,9.43638e-03,2.65493e+00,2.00689e-01,4.64862e-02,3.08657e-02,3.75563e-01,1.23382e-01,1.80350e-02,4.96176e-02,3.25027e-01
5.68766e-02,1.15791e+00,6.41461e-03,7.24980e-01,1.83305e-02,3.28407e-02,5.77287e-02,1.72853e-01,1.11166e-01,4.36776e-01,9.21864e-03,2.60247e+00,2.01552e-01,4.69375e-02,3.07654e-02,3.76138e-01,1.26448e-01,1.77706e-02,5.02598e-02,3.26787e-01
5.69846e-02,1.14521e+00,6.11087e-03,7.23872e-01,1.82882e-02,3.29155e-02,5.68229e-02,1.74089e-01,1.13270e-01,4.39549e-01,8.97967e-03,2.55316e+00,2.02407e-01,4.74907e-02,3.06574e-02,3.76784e-01,1.29743e-01,1.73466e-02,5.08817e-02,3.28361e-01
5.69606e-02,1.13308e+00,5.82904e-03,7.22478e-01,1.82728e-02,3.26988e-02,5.65322e-02,1.76764e-01,1.15139e-01,4.42086e-01,8.71975e-03,2.50665e+00,2.03220e-01,4.81490e-02,3.08227e-02,3.77443e-01,1.33356e-01,1.68469e-02,5.15103e-02,3.29737e-01
5.68054e-02,1.12126e+00,5.58059e-03,7.20947e-01,1.83178e-02,3.22274e-02,5.69133e-02,1.79408e-01,1.16757e-01,4.44296e-01,9.21184e-03,2.46288e+00,2.03947e-01,4.88792e-02,3.10747e-02,3.78143e-01,1.37372e-01,1.62691e-02,5.30408e-02,3.30914e-01
5.65358e-02,1.10995e+00,5.36299e-03,7.19353e-01,1.84163e-02,3.15539e-02,5.82422e-02,1.81207e-01,1.18077e-01,4.46188e-01,1.21356e-02,2.42209e+00,2.04552e-01,4.96490e-02,3.25638e-02,3.78848e-01,1.41757e-01,1.56532e-02,5.49305e-02,3.31901e-01
5.61930e-02,1.09920e+00,5.19015e-03,7.17992e-01,1.88343e-02,3.07502e-02,6.11178e-02,1.82880e-01,1.19156e-01,4.47750e-01,1.84472e-02,2.38401e+00,2.05033e-01,5.04163e-02,3.36086e-02,3.79477e-01,1.46397e-01,1.50461e-02,5.71055e-02,3.32696e-01
5.57798e-02,1.08889e+00,5.04631e-03,7.16988e-01,2.01207e-02,2.98710e-02,6.59185e-02,1.84585e-01,1.20034e-01,4.48970e-01,2.49568e-02,2.34822e+00,2.05367e-01,5.11470e-02,3.43475e-02,3.80030e-01,1.51092e-01,1.44861e-02,5.92241e-02,3.33304e-01
5.52983e-02,1.07909e+00,4.93241e-03,7.16465e-01,2.32008e-02,2.89528e-02,7.16980e-02,1.86247e-01,1.20776e-01,4.49914e-01,2.90120e-02,2.31464e+00,2.05549e-01,5.17855e-02,3.50239e-02,3.80500e-01,1.55613e-01,1.39982e-02,6.12743e-02,3.33791e-01
5.47565e-02,1.06971e+00,4.84007e-03,7.16517e-01,2.82001e-02,2.80320e-02,7.69091e-02,1.87969e-01,1.21427e-01,4.50498e-01,3.10648e-02,2.28323e+00,2.05582e-01,5.23008e-02,3.55359e-02,3.80870e-01,1.59766e-01,1.35883e-02,6.31693e-02,3.34168e-01
5.41557e-02,1.06092e+00,4.76133e-03,7.17013e-01,3.37558e-02,2.71688e-02,8.06556e-02,1.89734e-01,1.22041e-01,4.50824e-01,3.15283e-02,2.25336e+00,2.05476e-01,5.26921e-02,3.56224e-02,3.81209e-01,1.63364e-01,1.32664e-02,6.49387e-02,3.34406e-01
5.35183e-02,1.05272e+00,4.68826e-03,7.18077e-01,3.87509e-02,2.63927e-02,8.28269e-02,1.91633e-01,1.22647e-01,4.50924e-01,3.06034e-02,2.22471e+00,2.05263e-01,5.29332e-02,3.53298e-02,3.81586e-01,1.66315e-01,1.30399e-02,6.65947e-02,3.34586e-01
5.28352e-02,1.04505e+00,4.63795e-03,7.19923e-01,4.25487e-02,2.57117e-02,8.38543e-02,1.93483e-01,1.23236e-01,4.50759e-01,2.87459e-02,2.19717e+00,2.04966e-01,5.30226e-02,3.47673e-02,3.82108e-01,1.68531e-01,1.29045e-02,6.81719e-02,3.34722e-01
5.21296e-02,1.03786e+00,4.59559e-03,7.22791e-01,4.45325e-02,2.51763e-02,8.42730e-02,1.95359e-01,1.23777e-01,4.50382e-01,2.64968e-02,2.17034e+00,2.04618e-01,5.29714e-02,3.39626e-02,3.83014e-01,1.69993e-01,1.28575e-02,6.96672e-02,3.34781e-01
5.14108e-02,1.03118e+00,4.54533e-03,7.26872e-01,4.44900e-02,2.47967e-02,8.44139e-02,1.97120e-01,1.24285e-01,4.49810e-01,2.42773e-02,2.14403e+00,2.04265e-01,5.27961e-02,3.30677e-02,3.84364e-01,1.70762e-01,1.28878e-02,7.10816e-02,3.34780e-01
5.06719e-02,1.02501e+00,4.49808e-03,7.32055e-01,4.27093e-02,2.45573e-02,8.44145e-02,1.98935e-01,1.24720e-01,4.49042e-01,2.22521e-02,2.11815e+00,2.03983e-01,5.25245e-02,3.21272e-02,3.86281e-01,1.70953e-01,1.29611e-02,7.23850e-02,3.34687e-01
4.99252e-02,1.01918e+00,4.44868e-03,7.38005e-01,3.97165e-02,2.44694e-02,8.43837e-02,2.00689e-01,1.25063e-01,4.48044e-01,2.04529e-02,2.09263e+00,2.03809e-01,5.21799e-02,3.11531e-02,3.88976e-01,1.70662e-01,1.30800e-02,7.35491e-02,3.34473e-01
4.91614e-02,1.01374e+00,4.40132e-03,7.44162e-01,3.61410e-02,2.44670e-02,8.43584e-02,2.02484e-01,1.25335e-01,4.46872e-01,1.88355e-02,2.06754e+00,2.03780e-01,5.17841e-02,3.01554e-02,3.92607e-01,1.70040e-01,1.32156e-02,7.46056e-02,3.34192e-01
4.83814e-02,1.00864e+00,4.35472e-03,7.50084e-01,3.24776e-02,2.45220e-02,8.43676e-02,2.04271e-01,1.25529e-01,4.45577e-01,1.73505e-02,2.04288e+00,2.03928e-01,5.13639e-02,2.91636e-02,3.97387e-01,1.69231e-01,1.33519e-02,7.54758e-02,3.33811e-01
4.75839e-02,1.00383e+00,4.30314e-03,7.55346e-01,2.90476e-02,2.45878e-02,8.44587e-02,2.06124e-01,1.25632e-01,4.44097e-01,1.59746e-02,2.01861e+00,2.04314e-01,5.09491e-02,2.82021e-02,4.03399e-01,1.68361e-01,1.34636e-02,7.62214e-02,3.33352e-01
4.67787e-02,9.99335e-01,4.25580e-03,7.59976e-01,2.59667e-02,2.46303e-02,8.46529e-02,2.08034e-01,1.25677e-01,4.42568e-01,1.47131e-02,1.99483e+00,2.04936e-01,5.05469e-02,2.72850e-02,4.10781e-01,1.67520e-01,1.35441e-02,7.67903e-02,3.32826e-01
4.59686e-02,9.94960e-01,4.21399e-03,7.64100e-01,2.32371e-02,2.46302e-02,8.49225e-02,2.10097e-01,1.25662e-01,4.40978e-01,1.35783e-02,1.97174e+00,2.05823e-01,5.01768e-02,2.64274e-02,4.19286e-01,1.66769e-01,1.36043e-02,7.72267e-02,3.32151e-01
4.51363e-02,9.90715e-01,4.18195e-03,7.67800e-01,2.08984e-02,2.45925e-02,8.51846e-02,2.12220e-01,1.25585e-01,4.39324e-01,1.25570e-02,1.94925e+00,2.06976e-01,4.98576e-02,2.56559e-02,4.28684e-01,1.66062e-01,1.36522e-02,7.75046e-02,3.31341e-01
4.43249e-02,9.86553e-01,4.14467e-03,7.71464e-01,1.89249e-02,2.45330e-02,8.53728e-02,2.14525e-01,1.25455e-01,4.37742e-01,1.16525e-02,1.92729e+00,2.08369e-01,4.95959e-02,2.49651e-02,4.38525e-01,1.65355e-01,1.36843e-02,7.76308e-02,3.30400e-01
4.35260e-02,9.82495e-01,4.10892e-03,7.75250e-01,1.72431e-02,2.44625e-02,8.54252e-02,2.16937e-01,1.25244e-01,4.36227e-01,1.08595e-02,1.90601e+00,2.09959e-01,4.93958e-02,2.43590e-02,4.48394e-01,1.64539e-01,1.37239e-02,7.76665e-02,3.29318e-01
4.27328e-02,9.78553e-01,4.07971e-03,7.79074e-01,1.58338e-02,2.44019e-02,8.53080e-02,2.19523e-01,1.24952e-01,4.34830e-01,1.01825e-02,1.88545e+00,2.11719e-01,4.92451e-02,2.38261e-02,4.57966e-01,1.63527e-01,1.37817e-02,7.75979e-02,3.28094e-01
4.19642e-02,9.74687e-01,4.05034e-03,7.83031e-01,1.46748e-02,2.43765e-02,8.50204e-02,2.22239e-01,1.24575e-01,4.33562e-01,9.61190e-03,1.86543e+00,2.13556e-01,4.91482e-02,2.33694e-02,4.67103e-01,1.62220e-01,1.38694e-02,7.74621e-02,3.26728e-01
4.12141e-02,9.71029e-01,4.02363e-03,7.86966e-01,1.36989e-02,2.44149e-02,8.46090e-02,2.25098e-01,1.24098e-01,4.32413e-01,9.14853e-03,1.84609e+00,2.15419e-01,4.90863e-02,2.29834e-02,4.76056e-01,1.60539e-01,1.39974e-02,7.72950e-02,3.25254e-01
4.05003e-02,9.67451e-01,3.99730e-03,7.90732e-01,1.28862e-02,2.45177e-02,8.41396e-02,2.28139e-01,1.23517e-01,4.31409e-01,8.77867e-03,1.82726e+00,2.17195e-01,4.90461e-02,2.26746e-02,4.85018e-01,1.58445e-01,1.41912e-02,7.70882e-02,3.23630e-01
3.98191e-02,9.64077e-01,3.97585e-03,7.94301e-01,1.22167e-02,2.47301e-02,8.36957e-02,2.31235e-01,1.22815e-01,4.30557e-01,8.50248e-03,1.80893e+00,2.18839e-01,4.90179e-02,2.24268e-02,4.94472e-01,1.55970e-01,1.44425e-02,7.69257e-02,3.21886e-01
3.91733e-02,9.60788e-01,3.96326e-03,7.97669e-01,1.16909e-02,2.50329e-02,8.33869e-02,2.34562e-01,1.21979e-01,4.29813e-01,8.31660e-03,1.79108e+00,2.20269e-01,4.89706e-02,2.22506e-02,5.04706e-01,1.53169e-01,1.47632e-02,7.68005e-02,3.20077e-01
3.85589e-02,9.57700e-01,3.94380e-03,8.00818e-01,1.12499e-02,2.54774e-02,8.32784e-02,2.37940e-01,1.21042e-01,4.29269e-01,8.19989e-03,1.77371e+00,2.21464e-01,4.89050e-02,2.21190e-02,5.15829e-01,1.50122e-01,1.51233e-02,7.67147e-02,3.18166e-01
3.79782e-02,9.54812e-01,3.92344e-03,8.03697e-01,1.08812e-02,2.60420e-02,8.34563e-02,2.41501e-01,1.19987e-01,4.28861e-01,8.17664e-03,1.75681e+00,2.22362e-01,4.87914e-02,2.20505e-02,5.27661e-01,1.46935e-01,1.54997e-02,7.67040e-02,3.16244e-01
3.74446e-02,9.52152e-01,3.90884e-03,8.06517e-01,1.05874e-02,2.67393e-02,8.39707e-02,2.45046e-01,1.18831e-01,4.28611e-01,8.21930e-03,1.74034e+00,2.22974e-01,4.86325e-02,2.20279e-02,5.39600e-01,1.43730e-01,1.58459e-02,7.67538e-02,3.14267e-01
3.69352e-02,9.49757e-01,3.89588e-03,8.09302e-01,1.03583e-02,2.75637e-02,8.48386e-02,2.48664e-01,1.17570e-01,4.28517e-01,8.35177e-03,1.72423e+00,2.23274e-01,4.84123e-02,2.20460e-02,5.50830e-01,1.40628e-01,1.61168e-02,7.68442e-02,3.12276e-01
3.64520e-02,9.47432e-01,3.87730e-03,8.12068e-01,1.01724e-02,2.84820e-02,8.60590e-02,2.52235e-01,1.16212e-01,4.28611e-01,8.55944e-03,1.70854e+00,2.23271e-01,4.81229e-02,2.21174e-02,5.60440e-01,1.37691e-01,1.63002e-02,7.69924e-02,3.10294e-01
3.59914e-02,9.45318e-01,3.86166e-03,8.14874e-01,1.00239e-02,2.94690e-02,8.75974e-02,2.55784e-01,1.14795e-01,4.28902e-01,8.85469e-03,1.69325e+00,2.22986e-01,4.77571e-02,2.22283e-02,5.67715e-01,1.35004e-01,1.63662e-02,7.71532e-02,3.08328e-01
3.55512e-02,9.43289e-01,3.85253e-03,8.17776e-01,9.90625e-03,3.04835e-02,8.93957e-02,2.59219e-01,1.13338e-01,4.29397e-01,9.23822e-03,1.67835e+00,2.22434e-01,4.73250e-02,2.23824e-02,5.72246e-01,1.32603e-01,1.63162e-02,7.72799e-02,3.06393e-01
3.51429e-02,9.41420e-01,3.84319e-03,8.20798e-01,9.81352e-03,3.14696e-02,9.13697e-02,2.62493e-01,1.11819e-01,4.30110e-01,9.71925e-03,1.66384e+00,2.21640e-01,4.68169e-02,2.25820e-02,5.73774e-01,1.30525e-01,1.61476e-02,7.73843e-02,3.04535e-01
3.47425e-02,9.39567e-01,3.83155e-03,8.23929e-01,9.73894e-03,3.23784e-02,9.34374e-02,2.65582e-01,1.10278e-01,4.31059e-01,1.02854e-02,1.64981e+00,2.20634e-01,4.62635e-02,2.28406e-02,5.72534e-01,1.28763e-01,1.58648e-02,7.74320e-02,3.02759e-01
3.43546e-02,9.37684e-01,3.81883e-03,8.27156e-01,9.66868e-03,3.31506e-02,9.54945e-02,2.68421e-01,1.08718e-01,4.32250e-01,1.09567e-02,1.63619e+00,2.19437e-01,4.56342e-02,2.31505e-02,5.68979e-01,1.27312e-01,1.54903e-02,7.73854e-02,3.01102e-01
3.39749e-02,9.35697e-01,3.80458e-03,8.30446e-01,9.61326e-03,3.37698e-02,9.74247e-02,2.71001e-01,1.07164e-01,4.33693e-01,1.16978e-02,1.62301e+00,2.18097e-01,4.49639e-02,2.35424e-02,5.63617e-01,1.26152e-01,1.50376e-02,7.72375e-02,2.99545e-01
3.36060e-02,9.33726e-01,3.79416e-03,8.33836e-01,9.57131e-03,3.42075e-02,9.91329e-02,2.73300e-01,1.05616e-01,4.35460e-01,1.25078e-02,1.61033e+00,2.16624e-01,4.42484e-02,2.40028e-02,5.57025e-01,1.25261e-01,1.45384e-02,7.69436e-02,2.98117e-01
3.32521e-02,9.31571e-01,3.78881e-03,8.37428e-01,9.53433e-03,3.44582e-02,1.00548e-01,2.75290e-01,1.04086e-01,4.37453e-01,1.33774e-02,1.59813e+00,2.15046e-01,4.35132e-02,2.45670e-02,5.49770e-01,1.24607e-01,1.39991e-02,7.65018e-02,2.96831e-01
3.29081e-02,9.29323e-01,3.78271e-03,8.41116e-01,9.50706e-03,3.45179e-02,1.01590e-01,2.77000e-01,1.02582e-01,4.39775e-01,1.42607e-02,1.58641e+00,2.13384e-01,4.27632e-02,2.52075e-02,5.42292e-01,1.24150e-01,1.34555e-02,7.59022e-02,2.95686e-01
3.25693e-02,9.26881e-01,3.77797e-03,8.44953e-01,9.48644e-03,3.44260e-02,1.02204e-01,2.78433e-01,1.01103e-01,4.42291e-01,1.51475e-02,1.57531e+00,2.11651e-01,4.20025e-02,2.59457e-02,5.35052e-01,1.23849e-01,1.29035e-02,7.51365e-02,2.94688e-01
3.22449e-02,9.24361e-01,3.77467e-03,8.49118e-01,9.46819e-03,3.42088e-02,1.02376e-01,2.79584e-01,9.96760e-02,4.45039e-01,1.59948e-02,1.56476e+00,2.09883e-01,4.12531e-02,2.67634e-02,5.28263e-01,1.23685e-01,1.23688e-02,7.42184e-02,2.93835e-01
3.19342e-02,9.21604e-01,3.77174e-03,8.53459e-01,9.44444e-03,3.39011e-02,1.02095e-01,2.80522e-01,9.82966e-02,4.47982e-01,1.67927e-02,1.55463e+00,2.08076e-01,4.05121e-02,2.76350e-02,5.22165e-01,1.23637e-01,1.18559e-02,7.31552e-02,2.93101e-01
3.16229e-02,9.18759e-01,3.76816e-03,8.58097e-01,9.42604e-03,3.35473e-02,1.01397e-01,2.81229e-01,9.69723e-02,4.51098e-01,1.75203e-02,1.54499e+00,2.06249e-01,3.97923e-02,2.85331e-02,5.16887e-01,1.23694e-01,1.13721e-02,7.19368e-02,2.92533e-01
3.13413e-02,9.15846e-01,3.76370e-03,8.63060e-01,9.39834e-03,3.31732e-02,1.00310e-01,2.81759e-01,9.56889e-02,4.54342e-01,1.81542e-02,1.53595e+00,2.04400e-01,3.90986e-02,2.94360e-02,5.12540e-01,1.23830e-01,1.09203e-02,7.06219e-02,2.92136e-01
3.10641e-02,9.12821e-01,3.75733e-03,8.68330e-01,9.37111e-03,3.28434e-02,9.88988e-02,2.82103e-01,9.44536e-02,4.57647e-01,1.86935e-02,1.52741e+00,2.02542e-01,3.84373e-02,3.03285e-02,5.09098e-01,1.24038e-01,1.05050e-02,6.91624e-02,2.91840e-01
3.07926e-02,9.09856e-01,3.74786e-03,8.73799e-01,9.35070e-03,3.25588e-02,9.72431e-02,2.82279e-01,9.32669e-02,4.60971e-01,1.91254e-02,1.51925e+00,2.00691e-01,3.78089e-02,3.11660e-02,5.06597e-01,1.24338e-01,1.01228e-02,6.76130e-02,2.91664e-01
3.05504e-02,9.06842e-01,3.74438e-03,8.79439e-01,9.32852e-03,3.23760e-02,9.53893e-02,2.82276e-01,9.21521e-02,4.64303e-01,1.94711e-02,1.51168e+00,1.98870e-01,3.72114e-02,3.19365e-02,5.05009e-01,1.24716e-01,9.77558e-03,6.60220e-02,2.91619e-01
3.03151e-02,9.03891e-01,3.73796e-03,8.85243e-01,9.30904e-03,3.22726e-02,9.33941e-02,2.82124e-01,9.10740e-02,4.67535e-01,1.97148e-02,1.50463e+00,1.97082e-01,3.66517e-02,3.26266e-02,5.04324e-01,1.25182e-01,9.46220e-03,6.43781e-02,2.91710e-01
3.01008e-02,9.01019e-01,3.72589e-03,8.91119e-01,9.29241e-03,3.22717e-02,9.12923e-02,2.81772e-01,9.00631e-02,4.70703e-01,1.98830e-02,1.49786e+00,1.95331e-01,3.61341e-02,3.32150e-02,5.04475e-01,1.25712e-01,9.18360e-03,6.26864e-02,2.91908e-01
2.98924e-02,8.98166e-01,3.70934e-03,8.96872e-01,9.28204e-03,3.23447e-02,8.91415e-02,2.81314e-01,8.90995e-02,4.73667e-01,1.99873e-02,1.49153e+00,1.93652e-01,3.56485e-02,3.37045e-02,5.05379e-01,1.26338e-01,8.94144e-03,6.09791e-02,2.92193e-01
2.97005e-02,8.95512e-01,3.69589e-03,9.02364e-01,9.26756e-03,3.24829e-02,8.69622e-02,2.80642e-01,8.82002e-02,4.76468e-01,2.00458e-02,1.48567e+00,1.92026e-01,3.52010e-02,3.40899e-02,5.06933e-01,1.27034e-01,8.72837e-03,5.92679e-02,2.92540e-01
2.95215e-02,8.92871e-01,3.68840e-03,9.07534e-01,9.25653e-03,3.26449e-02,8.47592e-02,2.79835e-01,8.73447e-02,4.79096e-01,2.00763e-02,1.48020e+00,1.90467e-01,3.47901e-02,3.43610e-02,5.09028e-01,1.27807e-01,8.54427e-03,5.75568e-02,2.92939e-01
2.93607e-02,8.90303e-01,3.68406e-03,9.12227e-01,9.24235e-03,3.28042e-02,8.25394e-02,2.78821e-01,8.65538e-02,4.81557e-01,2.00964e-02,1.47515e+00,1.88980e-01,3.44180e-02,3.45000e-02,5.11529e-01,1.28615e-01,8.39059e-03,5.58623e-02,2.93393e-01
2.92116e-02,8.87854e-01,3.68081e-03,9.16370e-01,9.22408e-03,3.29314e-02,8.03216e-02,2.77701e-01,8.58070e-02,4.83798e-01,2.01261e-02,1.47052e+00,1.87578e-01,3.40791e-02,3.45342e-02,5.14212e-01,1.29476e-01,8.25109e-03,5.41939e-02,2.93833e-01
2.90741e-02,8.85424e-01,3.67301e-03,9.19841e-01,9.20859e-03,3.29841e-02,7.81227e-02,2.76367e-01,8.51078e-02,4.85851e-01,2.01797e-02,1.46626e+00,1.86247e-01,3.37790e-02,3.44222e-02,5.16969e-01,1.30346e-01,8.14448e-03,5.25641e-02,2.94282e-01
2.89315e-02,8.83048e-01,3.66635e-03,9.22592e-01,9.18917e-03,3.29487e-02,7.59373e-02,2.74958e-01,8.44451e-02,4.87662e-01,2.02776e-02,1.46235e+00,1.85007e-01,3.35085e-02,3.42104e-02,5.19608e-01,1.31189e-01,8.04813e-03,5.09774e-02,2.94697e-01
2.88066e-02,8.80718e-01,3.66085e-03,9.24571e-01,9.17093e-03,3.28001e-02,7.37781e-02,2.73380e-01,8.38525e-02,4.89320e-01,2.04170e-02,1.45905e+00,1.83826e-01,3.32678e-02,3.38615e-02,5.21865e-01,1.31994e-01,7.96861e-03,4.94413e-02,2.95057e-01
2.87067e-02,8.78374e-01,3.65620e-03,9.25798e-01,9.15361e-03,3.25389e-02,7.16521e-02,2.71741e-01,8.32939e-02,4.90813e-01,2.06038e-02,1.45626e+00,1.82728e-01,3.30580e-02,3.34138e-02,5.23685e-01,1.32754e-01,7.90853e-03,4.79436e-02,2.95340e-01
2.86061e-02,8.76050e-01,3.64802e-03,9.26212e-01,9.13784e-03,3.21549e-02,6.95715e-02,2.70018e-01,8.27838e-02,4.92168e-01,2.08381e-02,1.45369e+00,1.81703e-01,3.28654e-02,3.28614e-02,5.24902e-01,1.33406e-01,7.84623e-03,4.65155e-02,2.95538e-01
2.85034e-02,8.73698e-01,3.63640e-03,9.25952e-01,9.12148e-03,3.16699e-02,6.75553e-02,2.68240e-01,8.23145e-02,4.93400e-01,2.11154e-02,1.45154e+00,1.80756e-01,3.26995e-02,3.22245e-02,5.25430e-01,1.33955e-01,7.80627e-03,4.51414e-02,2.95641e-01
2.84181e-02,8.71448e-01,3.62526e-03,9.24994e-01,9.10766e-03,3.10996e-02,6.56111e-02,2.66461e-01,8.18763e-02,4.94557e-01,2.14326e-02,1.44986e+00,1.79872e-01,3.25531e-02,3.15099e-02,5.25218e-01,1.34394e-01,7.76678e-03,4.38405e-02,2.95602e-01
2.83382e-02,8.69293e-01,3.61855e-03,9.23490e-01,9.09033e-03,3.04746e-02,6.37360e-02,2.64709e-01,8.14589e-02,4.95652e-01,2.17741e-02,1.44853e+00,1.79055e-01,3.24222e-02,3.07426e-02,5.24317e-01,1.34705e-01,7.73303e-03,4.25944e-02,2.95476e-01
2.82631e-02,8.67240e-01,3.61493e-03,9.21412e-01,9.07142e-03,2.97993e-02,6.19532e-02,2.63021e-01,8.10776e-02,4.96718e-01,2.21292e-02,1.44767e+00,1.78289e-01,3.23086e-02,2.99186e-02,5.22628e-01,1.34881e-01,7.70353e-03,4.14160e-02,2.95220e-01
2.81908e-02,8.65259e-01,3.61375e-03,9.18809e-01,9.04705e-03,2.91131e-02,6.02829e-02,2.61447e-01,8.07225e-02,4.97783e-01,2.24871e-02,1.44708e+00,1.77576e-01,3.22058e-02,2.90617e-02,5.20254e-01,1.34925e-01,7.67952e-03,4.02927e-02,2.94848e-01
2.81252e-02,8.63442e-01,3.60714e-03,9.15842e-01,9.03108e-03,2.84230e-02,5.87206e-02,2.60005e-01,8.03696e-02,4.98867e-01,2.28351e-02,1.44684e+00,1.76908e-01,3.21259e-02,2.81741e-02,5.17226e-01,1.34822e-01,7.65240e-03,3.92377e-02,2.94378e-01
2.80538e-02,8.61888e-01,3.60183e-03,9.12542e-01,9.01369e-03,2.77490e-02,5.72949e-02,2.58754e-01,8.00299e-02,5.00035e-01,2.31596e-02,1.44680e+00,1.76280e-01,3.20433e-02,2.72755e-02,5.13612e-01,1.34596e-01,7.63475e-03,3.82603e-02,2.93791e-01
2.79974e-02,8.60550e-01,3.59965e-03,9.08886e-01,8.99076e-03,2.71025e-02,5.60051e-02,2.57699e-01,7.96845e-02,5.01257e-01,2.34452e-02,1.44694e+00,1.75675e-01,3.19727e-02,2.63722e-02,5.09462e-01,1.34241e-01,7.62318e-03,3.73540e-02,2.93131e-01
2.79394e-02,8.59489e-01,3.59194e-03,9.04953e-01,8.97448e-03,2.64976e-02,5.48479e-02,2.56826e-01,7.93406e-02,5.02556e-01,2.36848e-02,1.44731e+00,1.75112e-01,3.19118e-02,2.54695e-02,5.04842e-01,1.33774e-01,7.59982e-03,3.65189e-02,2.92413e-01
2.78869e-02,8.58807e-01,3.58245e-03,9.00864e-01,8.95703e-03,2.59300e-02,5.38502e-02,2.56197e-01,7.89828e-02,5.03945e-01,2.38637e-02,1.44783e+00,1.74568e-01,3.18541e-02,2.45805e-02,4.99813e-01,1.33201e-01,7.58350e-03,3.57429e-02,2.91639e-01
2.78358e-02,8.58496e-01,3.57700e-03,8.96636e-01,8.93732e-03,2.54084e-02,5.30140e-02,2.55778e-01,7.86077e-02,5.05456e-01,2.39837e-02,1.44833e+00,1.74033e-01,3.17985e-02,2.37139e-02,4.94516e-01,1.32541e-01,7.57052e-03,3.50271e-02,2.90837e-01
2.77890e-02,8.58520e-01,3.57039e-03,8.92173e-01,8.93206e-03,2.49348e-02,5.23382e-02,2.55576e-01,7.82100e-02,5.07114e-01,2.40339e-02,1.44887e+00,1.73528e-01,3.17426e-02,2.28754e-02,4.88937e-01,1.31801e-01,7.54984e-03,3.43857e-02,2.90040e-01
2.77394e-02,8.58927e-01,3.56209e-03,8.87590e-01,8.94597e-03,2.44931e-02,5.18177e-02,2.55511e-01,7.77890e-02,5.08892e-01,2.40291e-02,1.44938e+00,1.73027e-01,3.17875e-02,2.20706e-02,4.83133e-01,1.31004e-01,7.53081e-03,3.38037e-02,2.89274e-01
2.77338e-02,8.59745e-01,3.55665e-03,8.82840e-01,8.97006e-03,2.41070e-02,5.14607e-02,2.55621e-01,7.73499e-02,5.10833e-01,2.39711e-02,1.44980e+00,1.72533e-01,3.17788e-02,2.13007e-02,4.77200e-01,1.30178e-01,7.51418e-03,3.32844e-02,2.88536e-01
2.77240e-02,8.60936e-01,3.55631e-03,8.78146e-01,9.00057e-03,2.37370e-02,5.12491e-02,2.55888e-01,7.68793e-02,5.12855e-01,2.38673e-02,1.45005e+00,1.72044e-01,3.17473e-02,2.05721e-02,4.71119e-01,1.29309e-01,7.49623e-03,3.28281e-02,2.87872e-01
2.76912e-02,8.62538e-01,3.55023e-03,8.73239e-01,9.04477e-03,2.34032e-02,5.11930e-02,2.56304e-01,7.63878e-02,5.15027e-01,2.37193e-02,1.45017e+00,1.71533e-01,3.17288e-02,1.98842e-02,4.64947e-01,1.28396e-01,7.48129e-03,3.24384e-02,2.87270e-01
2.76547e-02,8.64342e-01,3.54120e-03,8.68421e-01,9.09990e-03,2.30769e-02,5.12663e-02,2.56761e-01,7.58665e-02,5.17327e-01,2.35349e-02,1.45021e+00,1.71033e-01,3.17105e-02,1.92355e-02,4.58824e-01,1.27464e-01,7.46730e-03,3.21372e-02,2.87046e-01
2.76155e-02,8.66469e-01,3.53670e-03,8.63593e-01,9.15790e-03,2.27658e-02,5.14638e-02,2.57263e-01,7.53273e-02,5.19703e-01,2.33174e-02,1.45009e+00,1.70522e-01,3.16840e-02,1.86273e-02,4.52751e-01,1.26526e-01,7.44953e-03,3.18946e-02,2.86960e-01
2.75856e-02,8.68765e-01,3.53339e-03,8.58797e-01,9.24906e-03,2.24504e-02,5.18006e-02,2.57719e-01,7.47750e-02,5.22215e-01,2.30780e-02,1.44973e+00,1.69998e-01,3.16391e-02,1.80558e-02,4.46703e-01,1.25532e-01,7.43391e-03,3.16942e-02,2.86957e-01
2.75540e-02,8.71363e-01,3.52729e-03,8.54028e-01,9.37392e-03,2.21473e-02,5.22093e-02,2.58226e-01,7.42037e-02,5.24728e-01,2.28158e-02,1.44915e+00,1.69465e-01,3.15976e-02,1.75235e-02,4.40699e-01,1.24484e-01,7.42044e-03,3.15412e-02,2.87051e-01
2.75315e-02,8.74016e-01,3.52089e-03,8.49459e-01,9.52359e-03,2.18311e-02,5.27150e-02,2.58659e-01,7.36091e-02,5.27295e-01,2.25325e-02,1.44845e+00,1.68941e-01,3.15478e-02,1.70283e-02,4.34863e-01,1.23414e-01,7.40797e-03,3.14390e-02,2.87250e-01
2.75201e-02,8.76825e-01,3.51956e-03,8.45081e-01,9.69626e-03,2.15210e-02,5.32868e-02,2.59093e-01,7.30028e-02,5.29847e-01,2.22317e-02,1.44773e+00,1.68417e-01,3.15089e-02,1.65759e-02,4.29167e-01,1.22333e-01,7.39702e-03,3.13721e-02,2.87484e-01
2.75045e-02,8.79688e-01,3.51546e-03,8.40945e-01,9.87911e-03,2.12044e-02,5.39017e-02,2.59422e-01,7.23917e-02,5.32381e-01,2.19202e-02,1.44701e+00,1.67898e-01,3.14818e-02,1.61647e-02,4.23528e-01,1.21241e-01,7.38523e-03,3.13383e-02,2.87691e-01
2.74922e-02,8.82623e-01,3.51509e-03,8.37136e-01,1.00651e-02,2.08840e-02,5.45623e-02,2.59687e-01,7.17856e-02,5.34818e-01,2.15994e-02,1.44625e+00,1.67380e-01,3.14641e-02,1.57896e-02,4.18079e-01,1.20142e-01,7.37277e-03,3.13223e-02,2.87898e-01
2.74903e-02,8.85611e-01,3.51213e-03,8.33736e-01,1.02533e-02,2.05605e-02,5.52583e-02,2.59870e-01,7.11795e-02,5.37134e-01,2.12669e-02,1.44549e+00,1.66879e-01,3.14390e-02,1.54555e-02,4.12812e-01,1.19023e-01,7.35716e-03,3.13097e-02,2.88177e-01
2.75151e-02,8.88609e-01,3.50428e-03,8.30734e-01,1.04508e-02,2.02302e-02,5.59760e-02,2.60009e-01,7.05726e-02,5.39337e-01,2.09245e-02,1.44479e+00,1.66388e-01,3.14140e-02,1.51527e-02,4.07726e-01,1.17890e-01,7.34303e-03,3.13147e-02,2.88495e-01
2.75704e-02,8.91513e-01,3.49840e-03,8.28261e-01,1.06208e-02,1.98953e-02,5.67064e-02,2.60060e-01,6.99841e-02,5.41356e-01,2.05643e-02,1.44415e+00,1.65914e-01,3.14043e-02,1.48848e-02,4.02782e-01,1.16732e-01,7.33080e-03,3.13176e-02,2.88820e-01
2.76614e-02,8.94530e-01,3.49436e-03,8.26333e-01,1.07510e-02,1.95616e-02,5.74522e-02,2.60032e-01,6.94148e-02,5.43166e-01,2.01970e-02,1.44355e+00,1.65453e-01,3.13939e-02,1.46458e-02,3.98048e-01,1.15547e-01,7.31940e-03,3.13077e-02,2.89197e-01
2.77830e-02,8.97403e-01,3.48508e-03,8.24985e-01,1.08501e-02,1.92303e-02,5.81951e-02,2.59916e-01,6.88691e-02,5.44766e-01,1.98233e-02,1.44297e+00,1.65023e-01,3.13758e-02,1.44362e-02,3.93500e-01,1.14342e-01,7.30641e-03,3.12874e-02,2.89582e-01
2.79397e-02,9.00333e-01,3.47398e-03,8.24356e-01,1.09115e-02,1.88952e-02,5.89496e-02,2.59756e-01,6.83474e-02,5.46142e-01,1.94313e-02,1.44247e+00,1.64619e-01,3.13634e-02,1.42603e-02,3.89190e-01,1.13114e-01,7.29125e-03,3.12726e-02,2.90029e-01
2.81207e-02,9.03279e-01,3.45969e-03,8.24440e-01,1.09267e-02,1.85610e-02,5.97080e-02,2.59509e-01,6.78536e-02,5.47289e-01,1.90201e-02,1.44208e+00,1.64264e-01,3.13521e-02,1.41086e-02,3.85054e-01,1.11884e-01,7.27656e-03,3.12604e-02,2.90488e-01
2.83180e-02,9.06181e-01,3.44863e-03,8.25185e-01,1.09036e-02,1.82353e-02,6.04818e-02,2.59232e-01,6.73857e-02,5.48198e-01,1.85941e-02,1.44175e+00,1.63959e-01,3.13401e-02,1.39922e-02,3.81163e-01,1.10672e-01,7.26086e-03,3.12595e-02,2.91029e-01
2.85172e-02,9.09091e-01,3.44325e-03,8.26648e-01,1.08595e-02,1.79148e-02,6.12498e-02,2.58903e-01,6.69366e-02,5.48914e-01,1.81604e-02,1.44146e+00,1.63705e-01,3.13198e-02,1.39014e-02,3.77436e-01,1.09483e-01,7.24472e-03,3.12505e-02,2.91635e-01
2.87165e-02,9.12037e-01,3.43952e-03,8.28889e-01,1.07787e-02,1.76143e-02,6.20157e-02,2.58553e-01,6.65188e-02,5.49401e-01,1.77183e-02,1.44124e+00,1.63509e-01,3.12846e-02,1.38360e-02,3.73876e-01,1.08344e-01,7.22915e-03,3.12493e-02,2.92320e-01
2.89082e-02,9.15022e-01,3.43592e-03,8.31843e-01,1.06808e-02,1.73226e-02,6.27852e-02,2.58162e-01,6.61232e-02,5.49734e-01,1.72725e-02,1.44110e+00,1.63392e-01,3.12460e-02,1.37927e-02,3.70545e-01,1.07251e-01,7.21278e-03,3.12489e-02,2.93096e-01
2.90733e-02,9.18117e-01,3.42966e-03,8.35533e-01,1.05592e-02,1.70350e-02,6.35514e-02,2.57797e-01,6.57621e-02,5.49803e-01,1.68264e-02,1.44109e+00,1.63353e-01,3.11993e-02,1.37676e-02,3.67434e-01,1.06234e-01,7.19661e-03,3.12559e-02,2.93913e-01
2.92003e-02,9.21301e-01,3.42186e-03,8.39900e-01,1.04304e-02,1.67675e-02,6.42869e-02,2.57432e-01,6.54298e-02,5.49787e-01,1.63836e-02,1.44119e+00,1.63420e-01,3.11413e-02,1.38516e-02,3.64634e-01,1.05276e-01,7.18128e-03,3.12797e-02,2.94789e-01
2.92970e-02,9.24528e-01,3.41389e-03,8.44970e-01,1.02862e-02,1.65078e-02,6.49928e-02,2.57128e-01,6.51191e-02,5.49568e-01,1.59497e-02,1.44138e+00,1.63586e-01,3.10726e-02,1.38808e-02,3.62315e-01,1.04414e-01,7.16746e-03,3.13064e-02,2.95703e-01
2.93451e-02,9.27868e-01,3.40593e-03,8.50652e-01,1.01391e-02,1.62696e-02,6.56671e-02,2.56844e-01,6.48412e-02,5.49252e-01,1.55232e-02,1.44172e+00,1.63846e-01,3.09983e-02,1.38713e-02,3.60656e-01,1.03627e-01,7.15390e-03,3.13484e-02,2.96631e-01
2.93478e-02,9.31404e-01,3.39586e-03,8.56887e-01,9.98718e-03,1.60348e-02,6.62878e-02,2.56703e-01,6.45875e-02,5.48787e-01,1.51093e-02,1.44227e+00,1.64198e-01,3.09141e-02,1.38240e-02,3.59329e-01,1.02918e-01,7.13712e-03,3.13633e-02,2.97558e-01
2.93151e-02,9.35006e-01,3.38633e-03,8.63592e-01,9.83096e-03,1.58139e-02,6.68472e-02,2.56654e-01,6.43481e-02,5.48283e-01,1.47007e-02,1.44305e+00,1.64648e-01,3.08300e-02,1.37841e-02,3.58402e-01,1.02254e-01,7.12270e-03,3.14142e-02,2.98480e-01
2.92438e-02,9.38674e-01,3.37801e-03,8.70891e-01,9.66941e-03,1.56042e-02,6.73346e-02,2.56764e-01,6.41197e-02,5.47751e-01,1.43012e-02,1.44403e+00,1.65156e-01,3.07437e-02,1.37442e-02,3.58080e-01,1.01653e-01,7.10891e-03,3.14516e-02,2.99402e-01
2.91447e-02,9.42558e-01,3.37210e-03,8.78526e-01,9.51333e-03,1.54034e-02,6.77493e-02,2.57008e-01,6.39118e-02,5.47189e-01,1.39131e-02,1.44521e+00,1.65712e-01,3.06581e-02,1.36955e-02,3.58159e-01,1.01096e-01,7.09320e-03,3.14718e-02,3.00296e-01
2.90255e-02,9.46548e-01,3.36540e-03,8.86464e-01,9.35817e-03,1.52216e-02,6.80648e-02,2.57441e-01,6.37187e-02,5.46627e-01,1.35339e-02,1.44661e+00,1.66286e-01,3.05724e-02,1.36499e-02,3.58285e-01,1.00570e-01,7.08250e-03,3.14793e-02,3.01119e-01
2.88796e-02,9.50631e-01,3.35661e-03,8.94623e-01,9.20798e-03,1.50502e-02,6.82821e-02,2.58046e-01,6.35373e-02,5.46084e-01,1.31674e-02,1.44823e+00,1.66856e-01,3.04837e-02,1.35882e-02,3.58176e-01,1.00031e-01,7.07623e-03,3.14507e-02,3.01893e-01
2.87334e-02,9.54856e-01,3.34719e-03,9.02914e-01,9.08159e-03,1.48987e-02,6.83938e-02,2.58848e-01,6.33618e-02,5.45570e-01,1.28102e-02,1.45017e+00,1.67406e-01,3.04125e-02,1.35174e-02,3.57712e-01,9.94953e-02,7.06688e-03,3.13800e-02,3.02582e-01
2.85780e-02,9.59122e-01,3.33554e-03,9.11203e-01,8.97087e-03,1.47577e-02,6.83990e-02,2.59846e-01,6.32026e-02,5.45125e-01,1.24656e-02,1.45239e+00,1.67886e-01,3.03348e-02,1.34645e-02,3.57149e-01,9.89435e-02,7.05736e-03,3.12700e-02,3.03188e-01
2.84362e-02,9.63566e-01,3.32701e-03,9.19400e-01,8.86089e-03,1.46529e-02,6.82926e-02,2.61018e-01,6.30467e-02,5.44688e-01,1.21317e-02,1.45474e+00,1.68286e-01,3.02519e-02,1.34189e-02,3.56896e-01,9.83902e-02,7.04841e-03,3.11123e-02,3.03690e-01
2.83002e-02,9.68009e-01,3.32048e-03,9.27369e-01,8.77447e-03,1.45631e-02,6.80770e-02,2.62338e-01,6.29074e-02,5.44345e-01,1.18096e-02,1.45726e+00,1.68589e-01,3.01671e-02,1.33772e-02,3.57286e-01,9.78233e-02,7.03752e-03,3.09233e-02,3.04091e-01
2.81864e-02,9.72545e-01,3.31294e-03,9.35033e-01,8.69291e-03,1.45153e-02,6.77603e-02,2.63831e-01,6.27671e-02,5.44041e-01,1.14960e-02,1.45999e+00,1.68774e-01,3.00830e-02,1.33608e-02,3.58491e-01,9.72270e-02,7.02930e-03,3.06756e-02,3.04338e-01
2.80862e-02,9.77096e-01,3.30188e-03,9.42227e-01,8.62418e-03,1.44905e-02,6.73409e-02,2.65418e-01,6.26322e-02,5.43818e-01,1.11898e-02,1.46285e+00,1.68846e-01,2.99933e-02,1.33711e-02,3.60406e-01,9.66229e-02,7.02571e-03,3.03983e-02,3.04427e-01
2.79907e-02,9.81700e-01,3.29116e-03,9.48738e-01,8.57108e-03,1.45267e-02,6.68397e-02,2.67125e-01,6.25046e-02,5.43617e-01,1.08919e-02,1.46579e+00,1.68793e-01,2.99026e-02,1.34011e-02,3.62699e-01,9.60096e-02,7.02095e-03,3.00795e-02,3.04328e-01
2.79144e-02,9.86221e-01,3.28518e-03,9.54746e-01,8.52666e-03,1.46068e-02,6.62550e-02,2.68857e-01,6.23740e-02,5.43402e-01,1.06056e-02,1.46878e+00,1.68606e-01,2.98144e-02,1.34662e-02,3.64893e-01,9.53866e-02,7.01496e-03,2.97525e-02,3.04088e-01
2.78589e-02,9.90686e-01,3.27750e-03,9.59957e-01,8.48807e-03,1.47316e-02,6.56060e-02,2.70570e-01,6.22514e-02,5.43218e-01,1.03331e-02,1.47183e+00,1.68318e-01,2.97267e-02,1.35812e-02,3.66670e-01,9.47631e-02,7.00673e-03,2.94123e-02,3.03644e-01
2.78165e-02,9.95059e-01,3.27432e-03,9.64388e-01,8.45230e-03,1.49009e-02,6.49085e-02,2.72296e-01,6.21332e-02,5.43029e-01,1.00736e-02,1.47494e+00,1.67904e-01,2.96332e-02,1.37291e-02,3.67857e-01,9.41375e-02,6.99304e-03,2.90572e-02,3.02995e-01
2.77853e-02,9.99207e-01,3.26818e-03,9.68114e-01,8.43142e-03,1.50777e-02,6.41722e-02,2.73887e-01,6.20106e-02,5.42852e-01,9.82847e-03,1.47798e+00,1.67384e-01,2.95516e-02,1.39292e-02,3.68440e-01,9.35076e-02,6.97994e-03,2.86928e-02,3.02146e-01
2.77597e-02,1.00314e+00,3.26152e-03,9.71010e-01,8.41233e-03,1.52427e-02,6.34234e-02,2.75381e-01,6.18917e-02,5.42622e-01,9.60195e-03,1.48095e+00,1.66787e-01,2.94618e-02,1.41824e-02,3.68576e-01,9.28846e-02,6.96732e-03,2.83355e-02,3.01075e-01
2.77507e-02,1.00674e+00,3.25841e-03,9.73094e-01,8.38799e-03,1.53747e-02,6.26716e-02,2.76692e-01,6.17720e-02,5.42337e-01,9.38356e-03,1.48390e+00,1.66123e-01,2.93787e-02,1.44955e-02,3.68393e-01,9.22691e-02,6.95128e-03,2.79887e-02,2.99834e-01
2.77493e-02,1.01000e+00,3.25644e-03,9.74413e-01,8.36722e-03,1.54578e-02,6.19479e-02,2.77921e-01,6.16551e-02,5.41974e-01,9.17758e-03,1.48681e+00,1.65393e-01,2.92998e-02,1.48524e-02,3.68092e-01,9.16519e-02,6.93411e-03,2.76638e-02,2.98396e-01
2.77439e-02,1.01294e+00,3.24645e-03,9.74986e-01,8.35139e-03,1.54887e-02,6.12715e-02,2.78897e-01,6.15415e-02,5.41510e-01,8.98907e-03,1.48964e+00,1.64633e-01,2.92275e-02,1.52615e-02,3.67789e-01,9.10430e-02,6.91558e-03,2.73660e-02,2.96783e-01
2.77292e-02,1.01542e+00,3.23689e-03,9.74875e-01,8.32707e-03,1.54455e-02,6.06467e-02,2.79719e-01,6.14306e-02,5.40929e-01,8.81165e-03,1.49239e+00,1.63867e-01,2.91509e-02,1.56988e-02,3.67586e-01,9.04516e-02,6.89519e-03,2.70895e-02,2.95019e-01
2.77080e-02,1.01762e+00,3.22999e-03,9.74259e-01,8.37258e-03,1.55132e-02,6.01288e-02,2.80443e-01,6.13135e-02,5.40802e-01,8.66153e-03,1.49549e+00,1.63079e-01,2.90816e-02,1.65320e-02,3.67463e-01,8.98636e-02,6.87751e-03,2.68380e-02,2.93121e-01
2.76730e-02,1.02010e+00,3.29775e-03,9.73321e-01,8.58343e-03,1.56150e-02,5.99079e-02,2.81267e-01,6.12755e-02,5.41075e-01,9.60982e-03,1.49956e+00,1.62293e-01,2.90394e-02,1.75313e-02,3.67431e-01,8.93452e-02,6.96415e-03,2.88490e-02,2.91108e-01
2.76415e-02,1.03058e+00,3.45718e-03,9.72235e-01,8.99687e-03,2.21056e-02,6.03497e-02,2.82705e-01,6.12639e-02,5.42536e-01,1.16678e-02,1.50342e+00,1.61510e-01,2.89931e-02,2.00065e-02,3.67516e-01,8.89019e-02,7.01156e-03,3.23936e-02,2.88965e-01
2.76085e-02,1.04842e+00,3.63542e-03,9.71202e-01,9.45732e-03,3.95851e-02,6.30213e-02,2.84844e-01,6.12520e-02,5.45389e-01,1.51975e-02,1.50778e+00,1.60780e-01,2.89503e-02,2.36611e-02,3.67760e-01,8.84663e-02,7.04064e-03,3.77362e-02,2.86726e-01
2.75412e-02,1.04764e+00,3.83262e-03,9.70148e-01,9.92341e-03,6.42842e-02,7.21193e-02,2.87019e-01,6.12567e-02,5.49517e-01,1.85556e-02,1.51234e+00,1.60049e-01,2.89103e-02,2.72120e-02,3.68143e-01,8.80337e-02,7.08996e-03,4.26759e-02,2.84431e-01
2.74652e-02,1.04195e+00,3.99306e-03,9.68887e-01,1.04089e-02,8.56212e-02,8.79762e-02,2.88791e-01,6.12546e-02,5.54726e-01,2.11039e-02,1.51706e+00,1.59338e-01,2.88766e-02,2.96568e-02,3.68636e-01,8.76408e-02,7.15943e-03,4.69619e-02,2.82086e-01
2.73768e-02,1.04045e+00,4.11503e-03,9.67425e-01,1.08104e-02,1.00711e-01,1.00614e-01,2.90292e-01,6.12509e-02,5.60950e-01,2.28128e-02,1.52202e+00,1.58686e-01,2.88671e-02,3.17440e-02,3.69320e-01,8.72644e-02,7.23384e-03,5.11543e-02,2.79731e-01
2.72761e-02,1.04187e+00,4.21025e-03,9.66113e-01,1.11642e-02,1.14589e-01,1.05112e-01,2.91374e-01,6.12446e-02,5.67616e-01,2.32236e-02,1.52761e+00,1.57989e-01,2.88648e-02,3.37473e-02,3.70194e-01,8.68825e-02,7.31463e-03,5.57301e-02,2.77374e-01
2.71646e-02,1.04490e+00,4.31286e-03,9.64921e-01,1.14612e-02,1.34210e-01,1.07676e-01,2.92158e-01,6.12170e-02,5.74102e-01,2.23008e-02,1.53386e+00,1.57322e-01,2.88581e-02,3.51856e-02,3.71293e-01,8.65368e-02,7.38766e-03,6.08174e-02,2.75020e-01
2.70474e-02,1.04888e+00,4.40120e-03,9.64207e-01,1.17418e-02,1.73214e-01,1.13207e-01,2.92893e-01,6.11825e-02,5.79698e-01,2.06643e-02,1.54069e+00,1.56669e-01,2.88646e-02,3.57281e-02,3.72601e-01,8.62048e-02,7.45396e-03,6.60604e-02,2.72694e-01
2.69242e-02,1.05315e+00,4.48223e-03,9.63951e-01,1.19843e-02,2.67062e-01,1.23415e-01,2.93820e-01,6.11686e-02,5.84249e-01,1.89132e-02,1.54830e+00,1.56034e-01,2.88733e-02,3.55448e-02,3.74122e-01,8.58705e-02,7.51310e-03,7.08116e-02,2.70416e-01
2.68056e-02,1.05745e+00,4.53100e-03,9.64038e-01,1.21640e-02,4.17879e-01,1.37180e-01,2.94956e-01,6.11761e-02,5.88309e-01,1.73811e-02,1.55662e+00,1.55397e-01,2.88958e-02,3.50135e-02,3.75817e-01,8.55508e-02,7.57246e-03,7.43287e-02,2.68183e-01
2.66778e-02,1.06172e+00,4.56134e-03,9.64611e-01,1.23078e-02,5.46703e-01,1.51921e-01,2.96415e-01,6.12136e-02,5.92442e-01,1.61756e-02,1.56529e+00,1.54785e-01,2.89305e-02,3.44671e-02,3.77614e-01,8.52779e-02,7.63254e-03,7.61047e-02,2.66000e-01
2.65559e-02,1.06561e+00,4.56388e-03,9.65614e-01,1.24305e-02,5.94344e-01,1.65283e-01,2.98166e-01,6.12676e-02,5.97147e-01,1.52998e-02,1.57416e+00,1.54186e-01,2.89598e-02,3.40309e-02,3.79528e-01,8.50447e-02,7.68984e-03,7.60804e-02,2.63893e-01
2.64417e-02,1.06894e+00,4.54487e-03,9.67197e-01,1.25227e-02,5.68073e-01,1.75641e-01,3.00365e-01,6.13349e-02,6.02708e-01,1.46806e-02,1.58330e+00,1.53607e-01,2.89828e-02,3.37436e-02,3.81403e-01,8.48349e-02,7.73869e-03,7.46348e-02,2.61858e-01
2.63264e-02,1.07172e+00,4.51751e-03,9.69309e-01,1.25783e-02,5.02178e-01,1.81564e-01,3.03038e-01,6.14132e-02,6.08878e-01,1.42414e-02,1.59247e+00,1.53054e-01,2.90031e-02,3.35357e-02,3.83110e-01,8.46376e-02,7.76839e-03,7.22881e-02,2.59888e-01
2.62236e-02,1.07388e+00,4.45784e-03,9.72102e-01,1.26209e-02,4.25103e-01,1.82287e-01,3.06304e-01,6.14943e-02,6.15516e-01,1.39267e-02,1.60162e+00,1.52505e-01,2.90295e-02,3.33606e-02,3.84606e-01,8.44610e-02,7.78475e-03,6.95134e-02,2.57990e-01
2.61293e-02,1.07566e+00,4.39307e-03,9.75948e-01,1.26589e-02,3.52360e-01,1.78417e-01,3.10236e-01,6.15766e-02,6.22187e-01,1.36850e-02,1.61099e+00,1.51970e-01,2.90469e-02,3.32144e-02,3.85794e-01,8.42999e-02,7.78640e-03,6.67048e-02,2.56166e-01
2.60399e-02,1.07713e+00,4.32985e-03,9.80980e-01,1.26507e-02,2.90113e-01,1.72109e-01,3.14890e-01,6.16526e-02,6.28699e-01,1.34882e-02,1.62079e+00,1.51461e-01,2.90722e-02,3.31387e-02,3.86580e-01,8.41338e-02,7.77880e-03,6.40957e-02,2.54444e-01
2.59644e-02,1.07826e+00,4.27184e-03,9.87287e-01,1.25981e-02,2.39562e-01,1.66568e-01,3.20230e-01,6.17212e-02,6.34828e-01,1.33171e-02,1.63088e+00,1.50963e-01,2.91038e-02,3.31896e-02,3.86988e-01,8.39689e-02,7.74933e-03,6.17700e-02,2.52809e-01
2.58939e-02,1.07891e+00,4.22317e-03,9.94746e-01,1.25124e-02,1.99818e-01,1.65655e-01,3.26249e-01,6.17587e-02,6.40277e-01,1.31827e-02,1.64122e+00,1.50483e-01,2.91335e-02,3.34038e-02,3.87005e-01,8.38107e-02,7.70604e-03,5.97850e-02,2.51255e-01
2.58254e-02,1.07901e+00,4.19439e-03,1.00293e+00,1.23828e-02,1.69309e-01,1.74598e-01,3.32851e-01,6.17738e-02,6.44958e-01,1.31010e-02,1.65198e+00,1.50015e-01,2.91631e-02,3.38307e-02,3.86672e-01,8.36698e-02,7.65410e-03,5.80956e-02,2.49764e-01
2.57591e-02,1.07850e+00,4.17774e-03,1.01155e+00,1.22154e-02,1.46590e-01,2.02336e-01,3.40012e-01,6.17710e-02,6.48665e-01,1.30841e-02,1.66317e+00,1.49542e-01,2.91978e-02,3.45111e-02,3.85957e-01,8.35302e-02,7.60283e-03,5.67827e-02,2.48354e-01
2.56978e-02,1.07716e+00,4.17387e-03,1.02032e+00,1.20123e-02,1.30465e-01,2.64072e-01,3.47573e-01,6.17467e-02,6.51437e-01,1.31378e-02,1.67484e+00,1.49090e-01,2.92262e-02,3.54234e-02,3.84930e-01,8.33855e-02,7.55695e-03,5.58321e-02,2.47004e-01
2.56440e-02,1.07490e+00,4.17143e-03,1.02928e+00,1.17869e-02,1.20048e-01,3.77759e-01,3.55363e-01,6.17043e-02,6.53243e-01,1.32784e-02,1.68701e+00,1.48652e-01,2.92537e-02,3.65773e-02,3.83664e-01,8.32460e-02,7.50940e-03,5.52431e-02,2.45731e-01
2.55861e-02,1.07194e+00,4.17184e-03,1.03851e+00,1.15481e-02,1.14673e-01,5.46785e-01,3.63333e-01,6.16525e-02,6.54301e-01,1.35244e-02,1.69972e+00,1.48226e-01,2.92730e-02,3.78989e-02,3.82122e-01,8.31032e-02,7.48554e-03,5.50063e-02,2.44514e-01
2.55311e-02,1.06841e+00,4.17431e-03,1.04794e+00,1.12987e-02,1.13668e-01,7.44618e-01,3.71212e-01,6.15878e-02,6.54923e-01,1.38672e-02,1.71319e+00,1.47830e-01,2.92965e-02,3.93596e-02,3.80412e-01,8.29772e-02,7.47643e-03,5.50421e-02,2.43369e-01
2.54792e-02,1.06447e+00,4.16980e-03,1.05746e+00,1.10427e-02,1.16178e-01,9.26451e-01,3.78960e-01,6.15059e-02,6.55440e-01,1.43251e-02,1.72723e+00,1.47443e-01,2.93232e-02,4.08759e-02,3.78587e-01,8.28608e-02,7.48165e-03,5.51880e-02,2.42271e-01
